SectionId, resource_state, climb_category, climb_category_desc, avg_grade, start_coords_lattitude,start_coords_longtitude, end_coords_lattitude, end_coords_longtitude, elev_difference, distance, starred, meanElapsedTime, meanMovingTime, medianElapsedTime, medianMovingTime, standardDeviationElapsedTime, standardDeviationMovingTime, countrypopulation
1276887,2,1,4,4.7,9.061748777,38.7352592,9.077699874,38.73348752,123.8,2637.1,False,845.1515152,727.8181818,727,696,340.0785222,162.7104613,Ethiopia,0,
2812153,2,1,4,6.3,9.086374054,38.73339842,9.089862183,38.75052575,132.6,2097.2,False,713.744186,660.6744186,639,639,390.3224125,184.8893724,Ethiopia,0,
1276859,2,1,4,6.6,9.019715292,38.82630955,9.028315293,38.8329989,95.8,1454.1,False,266.4285714,260.8571429,255,255,88.909034,73.28989128,Ethiopia,0,
1276855,2,1,4,6.5,9.078814164,38.73172045,9.084407324,38.72297871,106.8,1636.7,False,595.9285714,522.6904762,527,497,286.5334181,141.4820345,Ethiopia,0,
1276856,2,1,4,5.3,9.094675574,38.71599063,9.084448228,38.72300545,88.2,1660.8,False,698.6805556,543.4166667,519,518,988.273197,172.047131,Ethiopia,0,
3109753,2,1,4,4,9.023155583,38.71528455,9.0527218,38.7121895,140.1,3459.5,False,769.1578947,752.6315789,738,738,138.3569994,130.8362619,Ethiopia,0,
1276881,2,1,4,8,9.090946717,38.69319253,9.097747207,38.68633521,94.4,1181.1,False,622.5,543.875,531,517,280.2482159,115.0227559,Ethiopia,0,
1276869,2,1,4,9.3,9.015244385,38.80314013,9.021808589,38.80058985,85.2,919.2,False,237.0588235,180.1764706,169,169,190.892785,41.668489,Ethiopia,0,
6427821,2,2,3,4.6,7.187226,38.646065,7.158626,38.683001,245.8,5314.3,False,920.1538462,895.6923077,858,858,307.2460418,243.2524439,Ethiopia,0,
3452742,2,0,NC,1.1,3.74031881,8.725480145,3.738587684,8.744646666,25.5,2153.5,False,324.5555556,320.1777778,282,282,148.716816,130.3256245,Equatorial Guinea,0,
6804636,2,0,NC,1.4,3.755828,8.718505,3.749374,8.711135,14.7,1077.7,False,157.9803922,157.9803922,144,144,47.16158714,47.16158714,Equatorial Guinea,0,
3452777,2,0,NC,-1,3.732771306,8.760721688,3.737276783,8.793465509,41.2,4324,False,450.1282051,449.2564103,425,425,103.2398699,101.937064,Equatorial Guinea,0,
3452820,2,0,NC,1.4,3.764051749,8.897141022,3.753049985,8.903657438,31.5,1457.8,False,189.027027,189.027027,170,170,59.8897575,59.8897575,Equatorial Guinea,0,
7038973,2,0,NC,2,3.739075,8.72299,3.723282,8.723148,46.6,2162.8,False,286.8,286.8,283,283,37.78571159,37.78571159,Equatorial Guinea,0,
3452847,2,0,NC,0,3.752726714,8.904320618,3.747738666,8.811656768,57.1,11584.4,False,1602.486486,1524,1402,1389,479.3467188,369.9650824,Equatorial Guinea,0,
4885818,2,1,4,7.9,3.721453,8.922368,3.707192,8.913345,150.1,1903.5,False,660.4666667,648.9333333,658,648,85.82607736,71.49122712,Equatorial Guinea,0,
2581099,2,2,3,8.4,16.850416,53.712498,16.844624,53.695952,162,1918,False,760.0333333,751.4,767,767,126.8312483,108.2449691,Oman,0,
3392039,2,1,4,5.9,17.23036353,54.07515957,17.24369092,54.07296963,99.8,1699.9,False,517.3333333,500.1666667,566,566,274.3961046,240.006192,Oman,0,
2581098,2,3,2,9.3,16.863748,53.719059,16.854977,53.720735,446.7,4785.9,False,2171.205882,1962.823529,2019,1922,649.6216899,352.0833349,Oman,0,
2581095,2,2,3,7.1,16.8815,53.775103,16.876436,53.755663,170.8,2405.2,False,833.7142857,776.0571429,751,751,385.7574791,154.8101036,Oman,0,
2581100,2,3,2,8.3,16.841508,53.690295,16.830789,53.66233,360.5,4345.1,False,1839.407407,1634.703704,1752,1726,380.6017905,327.030502,Oman,0,
5957813,2,0,NC,0,12.373102,-1.511429,12.37317,-1.511066,8.7,5161,False,424.3529412,424.3529412,421,421,24.83342429,24.83342429,Burkina Faso,0,
17420630,2,0,NC,0.1,12.509591,-1.384463,12.585143,-1.305272,37,12189.3,False,1144.77551,1142.22449,1074,1073,168.5059516,167.8075021,Burkina Faso,0,
17420685,2,0,NC,0,12.385494,-1.502446,12.452964,-1.433404,12.6,10753.5,False,1056.05,1054.15,942,942,229.1548548,222.7481257,Burkina Faso,0,
17420627,2,0,NC,0,12.375456,-1.478003,12.507986,-1.386423,24.2,19643.5,False,1733.214286,1733.214286,1732,1732,5.41398416,5.41398416,Burkina Faso,0,
3535662,2,1,4,13.6,30.343961,78.120836,30.344134,78.127266,88,646,False,145.8128655,140.6549708,134,134,56.72205815,37.297182,India,0,
10730439,2,0,NC,2.8,2.909176,11.151597,2.919058,11.146269,48.6,1708.7,False,216.1162791,216.1162791,203,203,45.58825293,45.58825293,Cameroon,0,
10730498,2,0,NC,2.9,2.912084,11.174208,2.913568,11.165011,34.4,1094.1,False,132.6734694,132.6734694,122,122,30.66167438,30.66167438,Cameroon,0,
1132997,2,2,3,5.4,30.65067044,-9.525366845,30.63960683,-9.534085533,171.8,3188.6,False,1395.423729,1288.152542,1346,1308,374.1428941,248.1667915,Morocco,0,
12840405,2,2,3,3.1,0.348306,99.929727,0.291492,99.936961,231.8,7564.2,False,1029.37931,1027.206897,1049,1049,95.28737435,99.19238684,Indonesia,0,
12840399,2,3,2,6.5,0.362327,100.057574,0.345798,100.031149,505,7740,False,1468.035714,1449.678571,1467,1450,125.6973355,142.5617795,Indonesia,0,
12840423,2,0,NC,-5.7,0.291055,99.93703,0.273757,99.945044,157.4,2783.3,False,240.6296296,227.8148148,216,216,95.91630153,42.80795793,Indonesia,0,
707975,2,3,2,6.7,2.636266379,98.86241865,2.611299455,98.86476156,403.6,6039.8,False,3352,2404.726115,3394,2395,1117.763155,589.2714666,Indonesia,0,
707976,2,1,4,6.3,2.610364873,98.86499014,2.595587997,98.87422021,145.6,2319.7,False,998.3356643,848.0559441,895,865,550.7407719,282.360078,Indonesia,0,
707979,2,1,4,4.5,2.667861627,98.93781186,2.657615002,98.95520104,107.6,2410.6,False,805.9183673,696.244898,724,696,367.7615597,127.1954194,Indonesia,0,
707980,2,1,4,4.5,2.648941996,98.96274668,2.636137633,98.97988692,118.4,2613.9,False,893.1428571,823.3571429,853,832,266.5678303,188.1949434,Indonesia,0,
707987,2,1,4,3,2.555359472,99.08500562,2.571454318,99.06622203,99.6,3285.8,False,859.3333333,794,833,825,429.2967376,323.8571702,Indonesia,0,
6888415,2,0,NC,-0.6,0.825258,108.868316,0.84016,108.878177,15.1,2062.8,False,258.2912621,245.7184466,230,230,120.4902309,61.3301455,Indonesia,0,
6888427,2,0,NC,0,0.801531,108.857834,0.825338,108.868384,14,3007.6,False,450.63,397.89,367,367,481.0014689,104.1805063,Indonesia,0,
5294419,2,0,NC,-0.7,6.588163,3.333735,6.565861,3.323949,24,3207.1,False,362.576087,344.9293478,337,337,148.6881208,57.42008064,Nigeria,0,
4207823,2,1,4,1.8,7.072401,3.407365,7.042879,3.437195,86.2,4679.3,False,780.5533981,769.4854369,760,751,186.8109333,171.6537418,Nigeria,0,
5182188,2,1,4,4.4,6.594042,3.344299,6.582471,3.333873,92,2074.3,False,338.6206897,302.9310345,294,289,178.3276876,57.88529941,Nigeria,0,
4207676,2,0,NC,2.6,7.072349,3.407553,7.094254,3.395053,77.2,2884.5,False,587.5769231,544.0096154,544,520,198.7973791,140.5188528,Nigeria,0,
5294459,2,0,NC,0,6.567054,3.321535,6.574188,3.321348,0,796.5,False,114.5344828,114.5344828,114,114,20.91709045,20.91709045,Nigeria,0,
5197456,2,0,NC,0.7,7.06929,3.409189,7.122031,3.369155,85.4,8166.5,False,1296.676471,1223.294118,1208,1163,399.9837781,235.0092442,Nigeria,0,
4798919,2,0,NC,0.5,6.566234,3.323478,6.589334,3.334913,20.6,3513,False,503.9166667,489,480,479,126.1757978,88.81059747,Nigeria,0,
6906782,2,2,3,2.4,11.022912,-14.00704,11.071253,-14.010804,162.6,6818.3,False,1781.444444,1762.277778,1790,1772,410.7521857,368.5272198,Guinea,0,
14116677,2,0,NC,1.6,11.053511,-13.966281,11.068045,-13.973949,44.6,1966.2,False,394,394,383,383,82.03576456,82.03576456,Guinea,0,
8964846,2,0,NC,3.3,11.086185,-14.017965,11.073582,-14.012959,52.7,1611.8,False,418,418,411,411,100.9592877,100.9592877,Guinea,0,
11160736,2,1,4,0.9,11.021184,-14.005508,11.096995,-13.997801,192.7,12559.1,False,2567.5,2559.785714,2621,2621,437.4304435,428.4340554,Guinea,0,
8992532,2,0,NC,0.2,11.021046,-14.005475,11.156932,-14.021273,193.4,19185.4,False,4296.3,4106,4518,4154,557.4362834,467.55235,Guinea,0,
8964871,2,2,3,2.8,11.021011,-14.005153,11.069539,-14.009581,193.2,6881.8,False,1854.444444,1829.888889,1855,1837,422.4900028,376.0884779,Guinea,0,
8964828,2,1,4,1.5,11.021011,-14.005153,11.088569,-14.017911,193.3,9365.3,False,2097.8125,2086.4375,2050,2050,377.2405099,362.9727897,Guinea,0,
1332558,2,3,2,11,48.1158934,-66.1259387,48.1359009,-66.1172198,522.5,4765.5,False,2207.580838,2010.215569,2068,1957,615.5391807,436.2413374,Canada,0,
1419306,2,1,4,9.1,9.7945129,-69.587232,9.7903808,-69.5806251,128.4,1418.8,False,635.9859155,569.5352113,541,530,287.0881247,175.2491852,Venezuela,0,
4575736,2,1,4,5.2,9.788365,-69.643845,9.777037,-69.646465,80.2,1549.6,False,588.8076923,508.9102564,506,492,386.3716843,190.496597,Venezuela,0,
5795674,2,1,4,6.5,9.079824,-69.816741,9.08319,-69.808799,82.1,1255.7,False,697.2,540.6,675,578,320.7786776,169.2325028,Venezuela,0,
1489695,2,1,4,5.7,9.6996257,-69.7793666,9.7025288,-69.7666554,88.6,1555.9,False,403.0192308,393.3269231,391,391,132.4650158,100.846174,Venezuela,0,
1489698,2,1,4,6.1,9.7128408,-69.7325372,9.7144757,-69.7238239,85.3,1408.7,False,382.9038462,381.3076923,368,368,111.288651,110.1440558,Venezuela,0,
6366897,2,1,4,3.7,9.59289,-69.833683,9.582659,-69.849897,117.6,3151,False,762,744,735,735,209.5701228,185.073941,Venezuela,0,
2002157,2,2,3,4,34.48370285,109.4749655,34.45615524,109.4883777,172.8,4259.3,False,929.2727273,856.2727273,821,821,333.6882298,275.586677,China,0,
2002099,2,1,4,5.2,34.4669103,109.4791381,34.45544818,109.4890929,81.5,1580,False,438.1666667,398.5833333,389,364,209.3465362,162.8329708,China,0,
1333335,2,1,4,6.3,0.181787554,37.3169665,0.18887965,37.31018697,96.6,1545.3,False,802.4358974,741.4615385,730,719,257.8560317,151.7027874,Kenya,0,
3120899,2,1,4,5.6,6.950948769,0.588087151,6.952510234,0.578916846,133.6,2401.4,False,1189.769231,917.2884615,1149,895,407.9965411,140.2469438,Togo,0,
3120901,2,1,4,7.2,6.736807488,0.839611134,6.73552447,0.825409759,119.6,1653,False,453.21875,384.46875,405,399,165.2643213,40.36395698,Togo,0,
3120913,2,1,4,6.3,7.152715428,0.692203883,7.167476378,0.693862997,112.8,1793.1,False,494.0363636,440.6363636,432,431,205.6084508,79.49713857,Togo,0,
3120903,2,1,4,6.5,6.954439245,0.580204725,6.959616495,0.587397069,84.2,1290.8,False,504.9,410.78,443,418,177.6332458,54.66343934,Togo,0,
2978325,2,1,4,5.4,7.126115542,0.657987027,7.137019811,0.668551493,111.6,2076.8,False,898.2745098,856.7647059,846,815,192.6941169,124.1137347,Togo,0,
3120895,2,1,4,4.7,6.921016574,0.609703409,6.942534847,0.599018997,149.6,3196.2,False,1042.367347,833.4285714,948,832,267.2377749,98.53643271,Togo,0,
6078355,2,1,4,5.3,7.274235,0.722173,7.264043,0.733136,93.5,1748.2,False,1062.780488,781.902439,1019,765,292.202612,116.2108691,Togo,0,
6078354,2,1,4,5,7.283052,0.679682,7.285841,0.688436,117.5,2364.7,False,947.6888889,847.7111111,924,841,244.332726,155.4153749,Togo,0,
3120905,2,1,4,5.5,7.004603008,0.597012285,7.020582017,0.602057269,131.6,2400.8,False,1087.2,805.5,1073,797,335.2547688,98.68216658,Togo,0,
6078666,2,1,4,6.7,6.982301,0.59652,6.994268,0.59681,96.8,1452.4,False,811.1372549,662.627451,779,631,206.343519,110.7958661,Togo,0,
1750047,2,1,4,11,66.05418598,-23.19453195,66.04737469,-23.20506264,98.8,901.5,False,474.2395833,439.7291667,446,428,164.9821799,118.2740003,Iceland,0,
1766054,2,2,3,9.5,66.0674589,-23.16358924,66.06607891,-23.21508589,263.4,2763.5,False,1466.2,1366.45,1331,1319,430.7756106,342.1448731,Iceland,0,
8713659,2,0,NC,-0.3,16.628074,-22.917129,16.616209,-22.917948,4.8,1317.3,False,190.1666667,163.0763889,157,157,235.5225278,48.74894299,Cape Verde,0,
8716348,2,0,NC,0.1,16.604665,-22.911231,16.614932,-22.917465,8.1,1320.9,False,272.7118644,270.3389831,254,254,143.2540177,139.1201907,Cape Verde,0,
6561665,2,0,NC,0.4,16.174895,-22.91441,16.156575,-22.89122,17.6,3426.2,False,492.9047619,470.7619048,468,468,228.7497915,207.963116,Cape Verde,0,
12041246,2,0,NC,5.7,24.752924,141.291396,24.750716,141.288783,97.9,1342.4,False,700.7777778,658.1111111,594,594,263.924138,215.6107318,Japan,0,
2581099,2,2,3,8.4,16.850416,53.712498,16.844624,53.695952,162,1918,False,760.0333333,751.4,767,767,126.8312483,108.2449691,Oman,0,
2581098,2,3,2,9.3,16.863748,53.719059,16.854977,53.720735,446.7,4785.9,False,2171.205882,1962.823529,2019,1922,649.6216899,352.0833349,Oman,0,
2581095,2,2,3,7.1,16.8815,53.775103,16.876436,53.755663,170.8,2405.2,False,833.7142857,776.0571429,751,751,385.7574791,154.8101036,Oman,0,
2581100,2,3,2,8.3,16.841508,53.690295,16.830789,53.66233,360.5,4345.1,False,1839.407407,1634.703704,1752,1726,380.6017905,327.030502,Oman,0,
17420630,2,0,NC,0.1,12.509591,-1.384463,12.585143,-1.305272,37,12189.3,False,1144.77551,1142.22449,1074,1073,168.5059516,167.8075021,Burkina Faso,0,
17420638,2,0,NC,0,12.58541,-1.3051,12.818533,-1.074591,37.8,36841.3,False,3216.857143,3214.642857,3153,3153,77.09628224,74.94817938,Burkina Faso,0,
5543167,2,1,4,9.3,5.845514,-55.113088,5.851679,-55.107406,86.4,929.4,False,167.5087719,155.0760234,145,145,98.81540285,54.81206657,Suriname,0,
7239179,2,0,NC,0,5.801106,-55.122514,5.785832,-55.025153,14,12315.6,False,1866.445783,1661.204819,1551,1545,845.7588772,400.0761602,Suriname,0,
8180336,2,0,NC,0,5.457952,-55.105514,5.50264,-55.109194,10.5,4993.1,False,657.4571429,619.7714286,623,623,190.9384857,109.3581497,Suriname,0,
9124324,2,0,NC,0.4,5.13757,-55.072405,5.093465,-55.038804,71.2,6242.1,False,1020.2,884.35,925,887,644.4586565,219.1614188,Suriname,0,
17233286,2,0,NC,0,5.753362,-54.749691,5.78579,-55.024318,13.7,31519.6,False,3837.02,3472.68,3464,3444,1197.978272,686.8934543,Suriname,0,
17233342,2,0,NC,0,5.753458,-54.749585,5.77744,-54.896773,13.7,17282.4,False,1930.25,1900.019231,1901,1889,388.8420618,341.6431725,Suriname,0,
3119929,2,1,4,13.6,11.04293541,-63.94823797,11.03797936,-63.95073703,99,729.6,False,227.3873874,226.1531532,220,220,61.18929,59.2051249,Venezuela,0,
3712106,2,0,NC,8.4,11.0326655,-63.9535615,11.0362279,-63.9505571,47.6,523.6,False,166.4699454,165.3661202,151,151,60.55334931,58.00840668,Venezuela,0,
3048849,2,0,NC,1.4,11.051566,-64.207726,11.034987,-64.222777,36.1,2525.6,False,508.8663102,504.0695187,453,453,176.78758,163.806461,Venezuela,0,
2760023,2,4,1,7.3,0.536409616,35.55770159,0.577254295,35.52115917,740.4,9875.9,False,3835.092308,3276.923077,3291,3110,1764.873164,983.4547944,Kenya,0,
1745330,2,5,HC,4.4,0.522215,35.56986667,0.66995,35.51268333,1126.7,25726,False,7359.203704,6546.444444,6629,6125,2993.258836,1895.833889,Kenya,0,
1250706,2,1,4,27.2,0.571438333,35.52384,0.571868333,35.52156667,90.6,333,False,131.6666667,97.84848485,92,92,157.873303,36.72140917,Kenya,0,
1250708,2,1,4,7.2,0.6533,35.51776833,0.666688333,35.51753167,118.8,1643,False,526.1744186,460.8139535,427,425,444.7461045,149.4553298,Kenya,0,
1250703,2,2,3,5.7,0.533296667,35.560855,0.547856667,35.53585667,214,3737.1,False,1306.634921,1040.936508,1065,993,725.3894039,331.6071434,Kenya,0,
825072,2,2,3,5.4,18.17603976,-77.08558571,18.20092379,-77.09259641,232.6,4291.9,False,1592.535354,1342.30303,1464,1322,476.3779018,243.0208643,Jamaica,0,
3919960,2,0,NC,0.6,25.047822,-77.270533,25.041881,-77.266674,10.3,1164.2,False,254.55,215.65,215,215,191.4247829,49.97026616,Bahamas,0,
799262,2,2,3,1.4,18.17652474,-77.08632248,18.2702164,-77.11420605,333.6,14533.5,False,3147.054945,2793.912088,2801,2715,884.4262107,412.0567455,Jamaica,0,
800123,2,2,3,4.5,18.17647663,-77.08627637,18.22300038,-77.0959102,331,6980.4,False,2129.406593,2004.340659,2011,1964,508.8361851,343.4096397,Jamaica,0,
3452742,2,0,NC,1.1,3.74031881,8.725480145,3.738587684,8.744646666,25.5,2153.5,False,324.5555556,320.1777778,282,282,148.716816,130.3256245,Equatorial Guinea,0,
3452777,2,0,NC,-1,3.732771306,8.760721688,3.737276783,8.793465509,41.2,4324,False,450.1282051,449.2564103,425,425,103.2398699,101.937064,Equatorial Guinea,0,
3452713,2,0,NC,1.2,3.753648158,8.723490831,3.741468338,8.723691006,18.3,1397.4,False,223.7857143,223.7857143,206,206,62.66788336,62.66788336,Equatorial Guinea,0,
3452820,2,0,NC,1.4,3.764051749,8.897141022,3.753049985,8.903657438,31.5,1457.8,False,189.027027,189.027027,170,170,59.8897575,59.8897575,Equatorial Guinea,0,
3452847,2,0,NC,0,3.752726714,8.904320618,3.747738666,8.811656768,57.1,11584.4,False,1602.486486,1524,1402,1389,479.3467188,369.9650824,Equatorial Guinea,0,
2403762,2,0,NC,-4.7,29.95838357,31.34659756,29.9604534,31.32873815,83.6,1760.5,False,308.2272727,273.5227273,264,259,141.3637898,83.96251562,Egypt,0,
2554265,2,0,NC,3.3,29.96028928,31.32788706,29.96019448,31.3336305,21.1,618.4,False,265.9821429,248.4821429,252,246,101.1435492,60.23169285,Egypt,0,
2558594,2,0,NC,0.9,29.96194404,31.28827301,29.95961596,31.32663304,39.7,4091.6,False,1002.741497,788.292517,753,748,663.3942004,214.2645453,Egypt,0,
8852801,2,0,NC,0.3,22.597782,31.505498,22.553237,31.51689,18.6,5090.1,False,651.6052632,648.8157895,645,645,139.0048351,139.3618643,Egypt,0,
2267922,2,2,3,9,6.866615424,0.419172188,6.854796857,0.416828943,223.4,2487.1,False,1445.411765,1302,1360,1141,525.7166603,388.8409625,Ghana,0,
3493552,2,5,HC,7,10.0760782,38.1956831,10.0222885,38.2457825,1375.2,19653.6,False,11623.4375,8990.03125,10653,8980,5128.411328,2560.913759,Ethiopia,0,
5797884,2,0,NC,2.8,4.888753,-1.749696,4.892462,-1.751463,15.1,533.8,False,97.2,97.2,97,97,22.43122823,22.43122823,Ghana,0,
8898816,2,0,NC,0,0.453709,9.410146,0.444399,9.416955,2,1306.2,False,123.4714286,123.4714286,110,110,41.13244164,41.13244164,Gabon,0,
6030134,2,0,NC,-0.8,0.517184,9.39495,0.524798,9.396413,6.8,862.1,False,88.18604651,88.18604651,79,79,28.92191236,28.92191236,Gabon,0,
8124465,2,0,NC,1.1,0.42395,9.423399,0.420677,9.433348,15,1329.2,False,182.1818182,182.1818182,174,174,31.29280539,31.29280539,Gabon,0,
8889649,2,0,NC,1.2,0.496496,9.407189,0.505959,9.415176,18,1449.1,False,186.3636364,186.3636364,174,174,47.2686187,47.2686187,Gabon,0,
7501337,2,0,NC,2.1,0.415254,9.448704,0.423437,9.454198,23.6,1129,False,125.2333333,125.2333333,117,117,24.93683131,24.93683131,Gabon,0,
8124477,2,0,NC,0.8,0.433125,9.423558,0.428127,9.431137,8.2,1078.5,False,110.0277778,110.0277778,93,93,27.90010565,27.90010565,Gabon,0,
12905899,2,0,NC,0.1,0.499833,9.391664,0.547628,9.35694,12.2,6692.3,False,782.175,775.575,731,731,180.6692956,177.8264445,Gabon,0,
7501353,2,0,NC,2.1,0.350959,9.474075,0.356534,9.475331,16.2,684.6,False,91.45454545,91.45454545,86,86,28.75085338,28.75085338,Gabon,0,
11268923,2,0,NC,3.7,0.423951,9.437085,0.422341,9.438241,9.2,229.1,False,25.87096774,25.03225806,20,20,14.70295545,10.78375083,Gabon,0,
12905984,2,0,NC,0,0.499258,9.392178,0.607132,9.322419,18.2,16548.4,False,1907.821429,1870.107143,1755,1719,490.7489941,487.8174673,Gabon,0,
1942715,2,3,2,7.9,1.869801851,-76.23238994,1.876531597,-76.25466644,341.9,4336,False,2283.695652,1934.315217,1980,1906,1017.851774,565.1346402,Colombia,0,
13175078,2,0,NC,-0.4,1.330081,-75.969006,1.41376,-75.876524,90.2,16090.4,False,1721.307018,1696.578947,1709,1694,556.0027945,471.0218622,Colombia,0,
7429443,2,0,NC,-0.3,2.400918,-75.875633,2.479762,-75.81633,77.9,12464.4,False,1669.267442,1633.273256,1646,1637,425.3444001,338.6215744,Colombia,0,
7430780,2,3,2,6.2,2.485808,-75.812385,2.5419,-75.80702,639.4,10017.7,False,3562.009091,3371.690909,3497,3332,1094.255384,840.5170351,Colombia,0,
15720694,2,0,NC,0,1.354962,-75.930047,1.414179,-75.875447,25.8,9496.2,False,1056.084034,1037,956,956,415.5504516,326.3830816,Colombia,0,
7608564,2,1,4,4.3,12.657973,-8.000303,12.668392,-8.007686,102,2366.5,False,572,572,511,511,197.8460681,197.8460681,Mali,0,
7615104,2,2,3,2.9,12.657955,-8.000251,12.690449,-8.031771,202.7,6963.7,False,1535.076923,1525.615385,1400,1400,455.2229313,438.2120208,Mali,0,
7608592,2,0,NC,1.4,12.723851,-8.052814,12.689669,-8.027734,80.8,5105.8,False,821.6,821.6,800,800,180.1816861,180.1816861,Mali,0,
10419347,2,0,NC,-0.5,12.617494,-8.000451,12.627185,-8.007269,8.5,1308.9,False,155.2666667,155.2666667,146,146,42.07369196,42.07369196,Mali,0,
9756128,2,1,4,4.5,12.660559,-8.034996,12.651634,-8.047165,97.8,2152.4,False,513,513,456,456,135.7040898,135.7040898,Mali,0,
8164895,2,0,NC,-4.4,12.668403,-8.007571,12.658046,-8.000346,100.5,2303.6,False,183,183,177,177,18.09604008,18.09604008,Mali,0,
12590780,2,0,NC,-1,0.027709,37.065106,0.029714,37.055186,11.2,1126.4,False,114.8181818,114.8181818,109,109,23.90062069,23.90062069,Kenya,0,
9108532,2,0,NC,-1.5,0.053536,37.171324,0.017826,37.081639,169.3,11148.7,False,1464,1327.5,1299,1284,562.3955776,288.0666466,Kenya,0,
2744290,2,1,4,7.6,26.00825833,91.86484793,25.99603742,91.86142861,124.4,1645,False,861.1,633.65,747,667,600.4998501,218.6151584,India,0,
4080749,2,1,4,5.8,25.560772,91.85291,25.546585,91.838301,149.2,2573.6,False,1368.634921,989.1111111,1260,1027,863.2971918,391.5072264,India,0,
3392037,2,2,3,6.5,17.20156037,54.10762411,17.21817691,54.09334939,199.4,3073.1,False,972.5,919.25,1021,1021,436.1271317,358.7963385,Oman,0,
2581099,2,2,3,8.4,16.850416,53.712498,16.844624,53.695952,162,1918,False,760.0333333,751.4,767,767,126.8312483,108.2449691,Oman,0,
3392039,2,1,4,5.9,17.23036353,54.07515957,17.24369092,54.07296963,99.8,1699.9,False,517.3333333,500.1666667,566,566,274.3961046,240.006192,Oman,0,
2581098,2,3,2,9.3,16.863748,53.719059,16.854977,53.720735,446.7,4785.9,False,2171.205882,1962.823529,2019,1922,649.6216899,352.0833349,Oman,0,
2581095,2,2,3,7.1,16.8815,53.775103,16.876436,53.755663,170.8,2405.2,False,833.7142857,776.0571429,751,751,385.7574791,154.8101036,Oman,0,
2581100,2,3,2,8.3,16.841508,53.690295,16.830789,53.66233,360.5,4345.1,False,1839.407407,1634.703704,1752,1726,380.6017905,327.030502,Oman,0,
5218479,2,1,4,8.5,5.736757,116.423977,5.749185,116.424165,127.6,1497.4,False,647.5625,560.515625,545,541,280.0514392,172.9636877,Malaysia,0,
4072508,2,1,4,5.4,6.024,-0.086551,6.016373,-0.077949,116.4,2161.6,False,847.4615385,716.2307692,707,629,314.8840117,182.1914267,Ghana,0,
6099230,2,0,NC,6.4,5.611452,-0.045966,5.613784,-0.047002,18.9,295.9,False,81.67567568,79.64864865,73,73,37.11854935,31.38790972,Ghana,0,
13634327,2,0,NC,0,6.820781,-58.152511,6.820731,-58.152504,4,1497.9,False,164.9375,162.125,120,120,98.84992966,91.52313574,Guyana,0,
13634286,2,0,NC,0,6.821508,-58.144668,6.821362,-58.144503,5.4,3818.6,False,403.8235294,403.8235294,379,379,96.67728932,96.67728932,Guyana,0,
13634306,2,0,NC,-0.2,6.82164,-58.15735,6.818453,-58.145577,3.9,1349.9,False,141.9444444,141.9444444,138,138,34.68985158,34.68985158,Guyana,0,
13634298,2,0,NC,0,6.825146,-58.143864,6.822577,-58.157026,4.4,1485.2,False,136.4285714,136.4285714,130,130,39.66235042,39.66235042,Guyana,0,
13634315,2,0,NC,0.2,6.818539,-58.145265,6.824797,-58.143562,2.7,718.3,False,75.40909091,75.40909091,71,71,21.05978307,21.05978307,Guyana,0,
13636658,2,0,NC,0,6.814657,-58.069942,6.799195,-58.039916,4,3747.7,False,469.6315789,466.9473684,439,439,212.7774252,208.6345265,Guyana,0,
13636664,2,0,NC,0,6.801631,-58.04395,6.781701,-58.009799,6.5,4584.4,False,728.8,614.4666667,466,466,462.9675583,305.0066375,Guyana,0,
776839,2,1,4,10.8,3.123463,12.284365,3.117726,12.277947,102.7,954.8,False,120.0909091,120.0909091,114,114,25.64160166,25.64160166,Cameroon,0,
2211781,2,0,NC,10.6,16.86571327,-24.89521977,16.86662849,-24.89801296,34.2,321.4,False,140.2142857,133.9285714,143,133,63.22937673,59.2337552,Cape Verde,0,
11979406,2,2,3,4.4,16.881861,-24.981786,16.875659,-24.945554,196.2,4440.8,False,1969.606061,1696.030303,1959,1708,508.3849615,315.9790446,Cape Verde,0,
2211711,2,1,4,6.2,16.89499268,-24.93327898,16.87888493,-24.94046395,144,2310.7,False,982.15,874.3,897,882,423.8677005,305.435607,Cape Verde,0,
3540384,2,2,3,11.6,16.87406743,-24.94483838,16.86865213,-24.9401047,171,1466.5,False,1038.5,861.6428571,992,884,441.0786697,267.5485556,Cape Verde,0,
3540386,2,1,4,8.1,16.87689272,-24.92819611,16.87343367,-24.9328049,135.2,1665,False,835.5,778.5416667,836,772,243.1830586,208.7400655,Cape Verde,0,
3540385,2,1,4,12.8,16.87367834,-24.93497028,16.8774823,-24.93140604,95.8,681.5,False,381.4230769,319.7307692,360,334,137.535778,77.78647188,Cape Verde,0,
3432930,2,3,2,8.5,16.87539588,-24.95522037,16.870657,-24.93369967,613,7250.5,False,4088.1,3444.9,4135,3261,894.8183559,544.9567781,Cape Verde,0,
3619291,2,2,3,11.6,9.078186527,38.75696121,9.089262541,38.76269334,246,2127.7,False,1171.084746,1103.508475,1061,1061,344.1763584,240.6945017,Ethiopia,0,
1887375,2,1,4,5.8,9.093094077,38.76062904,9.104387769,38.76739668,86,1484.5,False,596.1333333,537.1333333,563,551,206.740374,86.92822071,Ethiopia,0,
1276887,2,1,4,4.7,9.061748777,38.7352592,9.077699874,38.73348752,123.8,2637.1,False,845.1515152,727.8181818,727,696,340.0785222,162.7104613,Ethiopia,0,
2812153,2,1,4,6.3,9.086374054,38.73339842,9.089862183,38.75052575,132.6,2097.2,False,713.744186,660.6744186,639,639,390.3224125,184.8893724,Ethiopia,0,
1276859,2,1,4,6.6,9.019715292,38.82630955,9.028315293,38.8329989,95.8,1454.1,False,266.4285714,260.8571429,255,255,88.909034,73.28989128,Ethiopia,0,
6427821,2,2,3,4.6,7.187226,38.646065,7.158626,38.683001,245.8,5314.3,False,920.1538462,895.6923077,858,858,307.2460418,243.2524439,Ethiopia,0,
4768478,2,1,4,14.3,9.81235,38.600659,9.809597,38.605159,83.8,584.5,False,212.3513514,187.2972973,180,180,128.4618392,53.76166868,Ethiopia,0,
3470964,2,1,4,4.7,6.980862943,38.49259389,6.956455261,38.47730697,159,3357.8,False,956.25,878.75,802,802,609.1550329,477.6367387,Ethiopia,0,
6427822,2,1,4,3.9,7.153978,38.693636,7.129453,38.717979,152.5,3915.5,False,556.3076923,538.1538462,592,584,188.0202054,194.9626576,Ethiopia,0,
3470975,2,2,3,12,7.92314468,38.71468632,7.908928888,38.7132184,193,1602.8,False,486.4814815,220.5185185,223,211,760.0621987,80.36507919,Ethiopia,0,
6392037,2,1,4,5.4,5.623603,-53.695782,5.636809,-53.716882,152,2793.1,False,269.9074074,269.8518519,240,240,61.28417974,61.31714986,French Guiana,0,
1443028,2,1,4,5.3,12.53268809,37.30020714,12.52931613,37.31433677,92.7,1759.7,False,614.5384615,575.6153846,602,560,195.8722564,133.7983779,Ethiopia,0,
1333335,2,1,4,6.3,0.181787554,37.3169665,0.18887965,37.31018697,96.6,1545.3,False,802.4358974,741.4615385,730,719,257.8560317,151.7027874,Kenya,0,
1443022,2,2,3,12.8,12.54682467,36.92629924,12.54067839,36.93155603,167.2,1302.7,False,676,609.4444444,585,585,309.4706352,163.2136372,Ethiopia,0,
1443023,2,3,2,7.7,12.53374631,36.96195963,12.51132832,36.98616606,337.4,4367.8,False,2089.678571,1803.857143,1726,1691,953.19242,572.4388747,Ethiopia,0,
1443024,2,1,4,15.5,12.50877854,36.99532212,12.50794781,36.99890924,96.8,625.3,False,398.0357143,332.6428571,310,310,229.914966,120.3376839,Ethiopia,0,
1443025,2,2,3,9.8,12.50718883,36.99820918,12.50873471,37.0169916,243,2482.5,False,1253.035714,1144.142857,1067,1060,489.0965054,331.0794806,Ethiopia,0,
1443026,2,1,4,4.1,12.51880271,37.02888988,12.5094864,37.04867176,124.2,3001.5,False,1078,1056.296296,837,837,863.422904,852.1845486,Ethiopia,0,
1443027,2,1,4,6.7,12.52610528,37.22543553,12.52997361,37.24027444,116.6,1748.5,False,668.9285714,639.8214286,662,653,206.7443087,204.06425,Ethiopia,0,
6906782,2,2,3,2.4,11.022912,-14.00704,11.071253,-14.010804,162.6,6818.3,False,1781.444444,1762.277778,1790,1772,410.7521857,368.5272198,Guinea,0,
14116677,2,0,NC,1.6,11.053511,-13.966281,11.068045,-13.973949,44.6,1966.2,False,394,394,383,383,82.03576456,82.03576456,Guinea,0,
8964846,2,0,NC,3.3,11.086185,-14.017965,11.073582,-14.012959,52.7,1611.8,False,418,418,411,411,100.9592877,100.9592877,Guinea,0,
11160736,2,1,4,0.9,11.021184,-14.005508,11.096995,-13.997801,192.7,12559.1,False,2567.5,2559.785714,2621,2621,437.4304435,428.4340554,Guinea,0,
8992532,2,0,NC,0.2,11.021046,-14.005475,11.156932,-14.021273,193.4,19185.4,False,4296.3,4106,4518,4154,557.4362834,467.55235,Guinea,0,
8964871,2,2,3,2.8,11.021011,-14.005153,11.069539,-14.009581,193.2,6881.8,False,1854.444444,1829.888889,1855,1837,422.4900028,376.0884779,Guinea,0,
8964828,2,1,4,1.5,11.021011,-14.005153,11.088569,-14.017911,193.3,9365.3,False,2097.8125,2086.4375,2050,2050,377.2405099,362.9727897,Guinea,0,
2705837,2,2,3,7.1,16.73465658,-93.11278307,16.71167711,-93.11010548,263.4,3726.1,False,1451.616279,1271.255814,1302,1270,740.5498455,396.2052318,Mexico,0,
3454303,2,0,NC,2.2,16.59976995,-93.03944656,16.61789685,-93.0327757,59.2,2616.8,False,498.0196078,464.5980392,439,437,191.3439558,112.9845781,Mexico,0,
17420656,2,0,NC,-0.1,12.660315,-1.894065,12.526,-1.770329,24,20492,False,1978.23913,1978.23913,1952,1952,68.5981318,68.5981318,Burkina Faso,0,
5821542,2,2,3,3.5,43.615122,78.934349,43.589609,78.883385,180.2,5167.2,False,1828.708333,1570.875,1376,1301,772.0175667,474.8451776,Kazakhstan,0,
3293623,2,0,NC,3.5,14.715194,-17.488835,14.716636,-17.496414,37.3,1014.9,False,178.0555556,177.0138889,172,172,47.13275839,44.6129942,Senegal,0,
3356746,2,0,NC,3.2,14.753908,-17.496216,14.75046,-17.492147,20.9,657.6,False,94.89285714,94.89285714,87,87,30.02063491,30.02063491,Senegal,0,
3356775,2,0,NC,3.5,14.722713,-17.499097,14.723658,-17.501457,37.1,926,False,277.5,256.05,235,233,131.4897334,94.18623838,Senegal,0,
3314834,2,0,NC,2.1,14.736214,-17.512755,14.724785,-17.499804,46.4,1956,False,279.6097561,277.6341463,278,278,53.85340447,50.33098066,Senegal,0,
3356768,2,0,NC,2.2,14.735305,-17.511762,14.723604,-17.501481,75.6,2969.8,False,521,520.9375,515,515,68.70407557,68.71541744,Senegal,0,
3314815,2,0,NC,3.6,14.669899,-17.445141,14.666203,-17.438832,30.2,837.8,False,201.6170213,143.4468085,138,137,436.8482162,53.99795446,Senegal,0,
4038449,2,0,NC,2.4,14.716076,-17.490171,14.720484,-17.497252,45.6,1674.4,False,272.6666667,267.8571429,260,255,85.09788948,84.34186991,Senegal,0,
3293663,2,0,NC,6.3,14.723255,-17.496007,14.722069,-17.494723,23.1,365,False,150.4545455,117.5454545,120,115,78.89447917,35.746236,Senegal,0,
3314827,2,0,NC,1,14.668526,-17.426579,14.659317,-17.436069,43.7,4405.8,False,685.24,675.28,646,646,152.3782872,128.1797238,Senegal,0,
3314864,2,0,NC,2.2,14.667381,-17.429996,14.660156,-17.434832,22.8,1046.7,False,199.5714286,196.3428571,179,179,66.62015384,59.96377138,Senegal,0,
4454806,2,0,NC,0,5.840638,-55.139244,5.840652,-55.139244,4.7,3897.5,False,455.8172043,455.8172043,424,424,120.2091319,120.2091319,Suriname,0,
5543167,2,1,4,9.3,5.845514,-55.113088,5.851679,-55.107406,86.4,929.4,False,167.5087719,155.0760234,145,145,98.81540285,54.81206657,Suriname,0,
16530320,2,0,NC,-0.3,12.413442,-16.747498,12.387807,-16.738894,15.7,3013.5,False,511.9090909,509.2727273,539,527,169.8654305,169.3850326,Senegal,0,
17862745,2,0,NC,-0.5,13.47109,-16.695475,13.483748,-16.666324,25.2,3759.8,False,1716.0625,845.625,1262,948,1288.605082,255.9484506,Gambia,0,
13417758,2,0,NC,-0.3,5.364853,73.334084,5.370041,73.350609,15,2003.8,False,627.05,426.25,363,363,633.6190082,170.5593372,Maldives,0,
6971349,2,0,NC,-1.7,5.364672,73.334349,5.364887,73.33782,15,429.1,False,260.3333333,81.43333333,78,73,639.3200207,35.07770739,Maldives,0,
16542887,2,0,NC,-0.1,4.516637,73.370114,4.513513,73.37051,1.8,376.8,False,86,86,81,81,23.47764895,23.47764895,Maldives,0,
17225744,2,0,NC,0.8,5.366921,73.342703,5.364167,73.33507,10.9,999.9,False,267.9310345,188.4827586,178,176,441.5179874,54.11521597,Maldives,0,
5695967,2,0,NC,-0.7,5.112009,73.079522,5.112217,73.077379,2,278,False,565.0769231,64.92307692,54,54,1751.447202,24.97833381,Maldives,0,
13453206,2,0,NC,0.3,1.822562,73.406158,1.819785,73.403552,1.4,431.9,False,101.0769231,95.46153846,99,99,34.28940527,25.46374613,Maldives,0,
13097346,2,0,NC,0,4.10135,73.395946,4.100252,73.397841,0,271,False,69.13333333,67.2,64,64,22.19869866,19.67468763,Maldives,0,
14051754,2,0,NC,-1.2,5.113508,73.075266,5.114661,73.073589,2.8,228.8,False,241.3333333,57.91666667,48,48,606.2451833,42.98925899,Maldives,0,
13097337,2,0,NC,0,4.10135,73.395946,4.0989,73.397373,0,514.4,False,270.8181818,152.7272727,158,140,211.3471157,55.25164071,Maldives,0,
3597544,2,1,4,9.1,2.557855686,99.30412291,2.564529693,99.30489245,80.4,885.8,False,243.4,237,228,228,55.35106142,45.61469062,Indonesia,0,
1250706,2,1,4,27.2,0.571438333,35.52384,0.571868333,35.52156667,90.6,333,False,131.6666667,97.84848485,92,92,157.873303,36.72140917,Kenya,0,
1250708,2,1,4,7.2,0.6533,35.51776833,0.666688333,35.51753167,118.8,1643,False,526.1744186,460.8139535,427,425,444.7461045,149.4553298,Kenya,0,
1250703,2,2,3,5.7,0.533296667,35.560855,0.547856667,35.53585667,214,3737.1,False,1306.634921,1040.936508,1065,993,725.3894039,331.6071434,Kenya,0,
1250704,2,2,3,10.4,0.556515,35.53409667,0.562845,35.5253,176.4,1692.5,False,771.7236842,683.4868421,626,625,405.6874477,221.5791111,Kenya,0,
1250705,2,1,4,23.8,0.56527,35.52650167,0.566835,35.52326167,107.9,453.7,False,177.4507042,143.1830986,137,137,156.0377156,49.47877902,Kenya,0,
1349102,2,1,4,4.3,0.63624,35.521265,0.653438333,35.51779,92.5,2143.7,False,509.5882353,495.0352941,459,459,179.5888962,153.649827,Kenya,0,
1397042,2,1,4,11.7,0.486930236,35.71314298,0.484494455,35.71638443,99,846.7,False,333.8307692,291.0153846,272,270,188.2619753,102.821951,Kenya,0,
1397040,2,3,2,6.4,0.453286618,35.64921965,0.484248195,35.70473962,520,8159.9,False,2497.140625,2372.71875,2279,2278,881.5036845,688.8544038,Kenya,0,
1397043,2,1,4,8,0.494284183,35.72296011,0.494937133,35.73450526,159.2,2000.7,False,600.0338983,584.9661017,538,538,199.9037028,164.7963269,Kenya,0,
1397044,2,1,4,7,0.494904108,35.73557815,0.494279237,35.74586551,106.5,1487.4,False,555.6041667,506.125,484,482,267.3747947,145.6600816,Kenya,0,
6089617,2,0,NC,-0.5,7.388629,3.87756,7.400459,3.890134,13.1,1943.9,False,358.0263158,313.5263158,279,279,375.3163218,116.5930252,Nigeria,0,
6088734,2,0,NC,0.3,7.382243,3.83719,7.382347,3.870331,36.6,4387.5,False,598,598,587,587,40.21193853,40.21193853,Nigeria,0,
6088757,2,0,NC,-0.4,7.382647,3.870978,7.381495,3.838704,38.7,4258.4,False,565.375,539.1875,535,535,130.182024,44.23406316,Nigeria,0,
6093962,2,0,NC,0,7.377052,3.858773,7.348611,3.878728,21,4106,False,627.0588235,610.2352941,622,616,87.29899305,71.05302859,Nigeria,0,
6304270,2,0,NC,-0.3,7.383197,3.835668,7.392619,3.749144,59,10737.3,False,1582.384615,1277,1270,1270,696.7977897,112.5296542,Nigeria,0,
6304276,2,0,NC,0.3,7.392568,3.749126,7.383103,3.836087,59,10808.1,False,1619.05,1548.25,1568,1558,339.7875034,287.2905977,Nigeria,0,
5294419,2,0,NC,-0.7,6.588163,3.333735,6.565861,3.323949,24,3207.1,False,362.576087,344.9293478,337,337,148.6881208,57.42008064,Nigeria,0,
4207823,2,1,4,1.8,7.072401,3.407365,7.042879,3.437195,86.2,4679.3,False,780.5533981,769.4854369,760,751,186.8109333,171.6537418,Nigeria,0,
5182188,2,1,4,4.4,6.594042,3.344299,6.582471,3.333873,92,2074.3,False,338.6206897,302.9310345,294,289,178.3276876,57.88529941,Nigeria,0,
4207676,2,0,NC,2.6,7.072349,3.407553,7.094254,3.395053,77.2,2884.5,False,587.5769231,544.0096154,544,520,198.7973791,140.5188528,Nigeria,0,
5294459,2,0,NC,0,6.567054,3.321535,6.574188,3.321348,0,796.5,False,114.5344828,114.5344828,114,114,20.91709045,20.91709045,Nigeria,0,
5197456,2,0,NC,0.7,7.06929,3.409189,7.122031,3.369155,85.4,8166.5,False,1296.676471,1223.294118,1208,1163,399.9837781,235.0092442,Nigeria,0,
4798919,2,0,NC,0.5,6.566234,3.323478,6.589334,3.334913,20.6,3513,False,503.9166667,489,480,479,126.1757978,88.81059747,Nigeria,0,
8713659,2,0,NC,-0.3,16.628074,-22.917129,16.616209,-22.917948,4.8,1317.3,False,190.1666667,163.0763889,157,157,235.5225278,48.74894299,Cape Verde,0,
8716348,2,0,NC,0.1,16.604665,-22.911231,16.614932,-22.917465,8.1,1320.9,False,272.7118644,270.3389831,254,254,143.2540177,139.1201907,Cape Verde,0,
6561665,2,0,NC,0.4,16.174895,-22.91441,16.156575,-22.89122,17.6,3426.2,False,492.9047619,470.7619048,468,468,228.7497915,207.963116,Cape Verde,0,
6207267,2,0,NC,5.5,5.362098,-3.821546,5.351649,-3.822257,77.2,1368.2,False,542.2105263,456.3157895,469,460,269.3914348,122.8135312,Ivory Coast,0,
3416448,2,3,2,5.5,15.205187,-87.879874,15.199653,-87.841176,336.4,5974.1,False,1751.75,1690.808333,1614,1591,571.3149343,439.5564108,Honduras,0,
3293623,2,0,NC,3.5,14.715194,-17.488835,14.716636,-17.496414,37.3,1014.9,False,178.0555556,177.0138889,172,172,47.13275839,44.6129942,Senegal,0,
3356746,2,0,NC,3.2,14.753908,-17.496216,14.75046,-17.492147,20.9,657.6,False,94.89285714,94.89285714,87,87,30.02063491,30.02063491,Senegal,0,
3356775,2,0,NC,3.5,14.722713,-17.499097,14.723658,-17.501457,37.1,926,False,277.5,256.05,235,233,131.4897334,94.18623838,Senegal,0,
3314834,2,0,NC,2.1,14.736214,-17.512755,14.724785,-17.499804,46.4,1956,False,279.6097561,277.6341463,278,278,53.85340447,50.33098066,Senegal,0,
3975928,2,2,3,1.2,38.67451,68.769235,38.773182,68.817216,172.5,13745.1,False,3306.741935,2648.451613,2785,2600,1733.056297,673.8289167,Tajikistan,0,
4038265,2,1,4,4.6,38.910195,68.82699,38.918889,68.811009,80.4,1738.5,False,618.7333333,549.3333333,499,487,260.2010676,152.1694961,Tajikistan,0,
1324712,2,1,4,7.7,68.7823539,16.53409156,68.78316863,16.5212453,103.3,1342.5,False,390.7681159,388.173913,366,366,112.1898165,100.8395133,Norway,0,
2939321,2,1,4,6.8,5.778877493,-0.181415565,5.788371088,-0.188776134,114.4,1673.5,False,599.3660714,470.0267857,486,471,392.869253,122.669741,Ghana,0,
2939327,2,1,4,9,5.794752734,-0.184867484,5.80163327,-0.183387911,94.6,1056,False,411.0967742,381.5483871,371,368,173.9144867,106.8655588,Ghana,0,
3528442,2,0,NC,2.9,5.645270551,-0.189379186,5.649758244,-0.196642214,55.5,1669.8,False,392.402439,388.0243902,380,380,104.8503998,100.2067345,Ghana,0,
4026309,2,2,3,9.5,5.844024,-0.195337,5.839112,-0.18913,172,1811.4,False,951.7346939,799.3265306,807,781,423.2373665,198.7068796,Ghana,0,
4072524,2,2,3,7.2,5.958716,-0.125952,5.942279,-0.119659,300.6,4167.5,False,1500.052632,1459.894737,1466,1463,331.3749623,289.2890368,Ghana,0,
6569927,2,0,NC,-1.1,5.605931,-0.175535,5.613954,-0.174346,11.1,905.8,False,182.4166667,118.2619048,103,103,228.7925973,50.6204643,Ghana,0,
6594886,2,0,NC,2,5.608675,-0.209287,5.597866,-0.192794,46.2,2184,False,434.4626866,413.4179104,388,385,162.6039349,120.0781026,Ghana,0,
1880717,2,1,4,10.2,58.30953088,-134.3792138,58.3148458,-134.3739705,84.9,834.1,False,414.6956522,355.1086957,377,339,163.1200371,100.6278612,United States,0,
7117517,2,0,NC,1.1,5.615852,-0.154813,5.597279,-0.161238,29.3,2522.2,False,385.2734375,380.0234375,361,361,114.9477269,103.6373986,Ghana,0,
14661572,2,0,NC,0,16.256191,0.000227,16.256417,-0.000239,5.1,1814.9,False,241.7222222,241.7222222,240,240,67.37688819,67.37688819,Mali,0,
14661763,2,0,NC,-0.1,16.253746,-0.001572,16.253333,-0.005041,2.3,1074.1,False,176.0769231,176.0769231,160,160,55.35266172,55.35266172,Mali,0,
4522084,2,0,NC,-2.8,5.858934,-0.166678,5.755801,-0.178705,397.8,14380.1,False,1943.014925,1567.985075,1594,1544,844.4174269,231.3803158,Ghana,0,
1698668,2,0,NC,0,10.3794406,107.1238674,10.3787893,107.1224727,16.6,30278.2,False,3324.987952,3137.084337,3013,3013,1475.021589,519.0204213,Vietnam,0,
1622142,2,0,NC,4.2,10.7973454,107.2209636,10.8113067,107.2275877,76.4,1794.4,False,386.9726027,359.9589041,368,359,119.419942,86.97983365,Vietnam,0,
15188964,2,0,NC,-0.2,45.616923,63.307587,45.6169,63.315176,5.8,598.1,False,90.8,90.8,80,80,34.46389415,34.46389415,Kazakhstan,0,
4919365,2,1,4,8.1,49.308619,-68.354007,49.30918,-68.34382,96,1179.1,False,360.5,348.5833333,334,334,97.32205985,87.80039705,Canada,0,
3120901,2,1,4,7.2,6.736807488,0.839611134,6.73552447,0.825409759,119.6,1653,False,453.21875,384.46875,405,399,165.2643213,40.36395698,Togo,0,
3120913,2,1,4,6.3,7.152715428,0.692203883,7.167476378,0.693862997,112.8,1793.1,False,494.0363636,440.6363636,432,431,205.6084508,79.49713857,Togo,0,
6078355,2,1,4,5.3,7.274235,0.722173,7.264043,0.733136,93.5,1748.2,False,1062.780488,781.902439,1019,765,292.202612,116.2108691,Togo,0,
6078354,2,1,4,5,7.283052,0.679682,7.285841,0.688436,117.5,2364.7,False,947.6888889,847.7111111,924,841,244.332726,155.4153749,Togo,0,
6078660,2,1,4,3.4,7.25399,0.7537,7.260765,0.740958,92.4,2710.5,False,1010.02439,890.7073171,1006,892,229.5457325,134.7509435,Togo,0,
2439074,2,1,4,9.4,6.710118,80.184155,6.70129,80.18715,102.5,1095.3,False,647.2903226,506.3870968,576,484,301.5426139,126.6319731,Sri Lanka,0,
18733326,2,0,NC,0,0.012239,-79.402317,0.012175,-79.402369,69.6,39413,False,7215.842105,7114.315789,6972,6835,1027.866992,955.7584507,Ecuador,0,
14787950,2,2,3,3.5,0.120015,-79.254802,0.083256,-79.2377,239.9,6802.1,False,1849.169231,1510.984615,1499,1499,1131.130321,509.9210645,Ecuador,0,
10809532,2,0,NC,-1.4,0.07651,-78.997786,0.153673,-79.028819,171.5,11378.1,False,1577.373494,1480.506024,1452,1449,473.3724866,256.9413872,Ecuador,0,
4879863,2,1,4,6.8,0.119088,-79.256273,0.115011,-79.259077,93.8,1374,False,482.25,436.0735294,455,455,290.4855152,157.2543197,Ecuador,0,
1633054,2,1,4,7.7,0.074764062,-79.05107939,0.066666808,-79.05149035,93.2,1210.2,False,752.0588235,624.3529412,660,610,297.3175111,142.2234949,Ecuador,0,
3409273,2,1,4,6.3,0.182943,-79.024518,0.190606,-79.012694,122.9,1942.3,False,775.8461538,695.2307692,719,678,255.353404,163.4141289,Ecuador,0,
6159306,2,1,4,7.7,0.096966,-79.179551,0.089512,-79.179356,128.7,1666.9,False,575.5769231,547,554,542,149.4320461,100.5136807,Ecuador,0,
6159307,2,1,4,11.6,0.09025,-79.18103,0.085551,-79.175526,107.1,920,False,362.8888889,347.8518519,341,337,104.6650153,70.19322733,Ecuador,0,
1696776,2,1,4,12,0.171954142,-78.94044352,0.175395292,-78.94508979,119.5,1000,False,428.1764706,412.0588235,367,367,145.5186405,111.9771356,Ecuador,0,
12618729,2,0,NC,2.7,66.537795,66.596608,66.534803,66.604855,22.6,495.4,False,146.4,124.8,143,123,83.57535522,39.43044509,Russia,0,
12645650,2,0,NC,-3.3,66.534667,66.60598,66.537702,66.596962,24,523.3,False,144.8333333,131.75,134,134,71.06432923,51.26585121,Russia,0,
3452742,2,0,NC,1.1,3.74031881,8.725480145,3.738587684,8.744646666,25.5,2153.5,False,324.5555556,320.1777778,282,282,148.716816,130.3256245,Equatorial Guinea,0,
6804636,2,0,NC,1.4,3.755828,8.718505,3.749374,8.711135,14.7,1077.7,False,157.9803922,157.9803922,144,144,47.16158714,47.16158714,Equatorial Guinea,0,
3452777,2,0,NC,-1,3.732771306,8.760721688,3.737276783,8.793465509,41.2,4324,False,450.1282051,449.2564103,425,425,103.2398699,101.937064,Equatorial Guinea,0,
3452713,2,0,NC,1.2,3.753648158,8.723490831,3.741468338,8.723691006,18.3,1397.4,False,223.7857143,223.7857143,206,206,62.66788336,62.66788336,Equatorial Guinea,0,
7038973,2,0,NC,2,3.739075,8.72299,3.723282,8.723148,46.6,2162.8,False,286.8,286.8,283,283,37.78571159,37.78571159,Equatorial Guinea,0,
6804626,2,0,NC,-0.2,3.752167,8.773612,3.755859,8.719336,24.7,6240.3,False,803.0714286,785.4285714,789,787,82.55514545,90.37122984,Equatorial Guinea,0,
1789166,2,0,NC,0.5,1.261979258,101.1947735,1.247304725,101.197277,11.9,1759.2,False,298.0806452,296.7258065,287,285,89.13695486,88.02550388,Indonesia,0,
12643381,2,0,NC,0,0.433811,101.310347,0.426337,101.296306,9.2,1771.6,False,223.8468468,221.4594595,204,204,61.96994305,56.86696721,Indonesia,0,
13634327,2,0,NC,0,6.820781,-58.152511,6.820731,-58.152504,4,1497.9,False,164.9375,162.125,120,120,98.84992966,91.52313574,Guyana,0,
13634286,2,0,NC,0,6.821508,-58.144668,6.821362,-58.144503,5.4,3818.6,False,403.8235294,403.8235294,379,379,96.67728932,96.67728932,Guyana,0,
13634306,2,0,NC,-0.2,6.82164,-58.15735,6.818453,-58.145577,3.9,1349.9,False,141.9444444,141.9444444,138,138,34.68985158,34.68985158,Guyana,0,
13634298,2,0,NC,0,6.825146,-58.143864,6.822577,-58.157026,4.4,1485.2,False,136.4285714,136.4285714,130,130,39.66235042,39.66235042,Guyana,0,
13634315,2,0,NC,0.2,6.818539,-58.145265,6.824797,-58.143562,2.7,718.3,False,75.40909091,75.40909091,71,71,21.05978307,21.05978307,Guyana,0,
13636658,2,0,NC,0,6.814657,-58.069942,6.799195,-58.039916,4,3747.7,False,469.6315789,466.9473684,439,439,212.7774252,208.6345265,Guyana,0,
13636664,2,0,NC,0,6.801631,-58.04395,6.781701,-58.009799,6.5,4584.4,False,728.8,614.4666667,466,466,462.9675583,305.0066375,Guyana,0,
13636670,2,0,NC,0,6.78165,-58.009632,6.762535,-57.988002,6.8,3332.3,False,501.4,452.8,338,338,331.4038423,245.6540114,Guyana,0,
8193430,2,0,NC,0.3,5.265893,-3.956157,5.259022,-3.939535,7.1,1995.7,False,258.2121212,258.2121212,237,237,105.0834467,105.0834467,Ivory Coast,0,
8193448,2,0,NC,-0.3,5.259305,-3.939867,5.265917,-3.955825,7,1916.3,False,265.0909091,255.969697,224,224,112.7274438,89.85796363,Ivory Coast,0,
8062680,2,0,NC,8.3,5.40604,-3.86952,5.399835,-3.870835,70.8,855.7,False,613.8823529,450.1764706,464,427,432.5768048,190.9484794,Ivory Coast,0,
8288168,2,0,NC,6.6,5.393717,-3.854773,5.385395,-3.856353,68.3,1032.6,False,470.3684211,402.1578947,409,385,223.2426602,122.7523237,Ivory Coast,0,
10731759,2,0,NC,1,5.402177,-4.180141,5.406685,-4.157997,41.4,2506.7,False,541.4285714,539.6666667,476,476,171.5857613,165.9805879,Ivory Coast,0,
3245734,2,1,4,8.2,25.02520222,98.46901378,25.02797998,98.47851215,95.5,1162.7,False,347.5,340.5882353,326,316,103.7463678,102.8460064,China,0,
2801381,2,1,4,6.5,13.21271424,-59.53060297,13.21647973,-59.54709822,137,2102.1,False,915.4098361,857.0655738,859,835,280.9905416,218.2257719,Barbados,0,
6764467,2,0,NC,-1.4,9.110361,7.482521,9.083091,7.513247,69.2,4799.6,False,416.5731707,411.5853659,405,405,99.77096094,80.90161915,Nigeria,0,
6988860,2,0,NC,3.3,9.088068,7.483142,9.092124,7.479156,21.4,635.4,False,103.2804878,102.6829268,98,98,41.15801626,40.33998139,Nigeria,0,
6792256,2,0,NC,7.2,9.032934,7.534305,9.029183,7.5357,32.2,449.2,False,138.2325581,138.2325581,127,127,42.59972552,42.59972552,Nigeria,0,
6792337,2,0,NC,5.4,9.034383,7.53358,9.03723,7.535925,23.2,422.6,False,109.6944444,96.58333333,95,95,65.49589446,34.32716369,Nigeria,0,
7306404,2,0,NC,3.4,9.06886,7.495678,9.06619,7.497122,11.8,344.4,False,56.13846154,50.09230769,45,45,73.10095799,28.99587402,Nigeria,0,
6792226,2,0,NC,5.8,9.043172,7.538677,9.036468,7.535629,50.2,858.7,False,300.2325581,253.0465116,243,243,223.5357354,71.69475135,Nigeria,0,
6733236,2,1,4,3.3,9.024773,7.559694,9.040577,7.543863,93.8,2876.6,False,724.8461538,713.5384615,665,665,333.2748568,326.0239763,Nigeria,0,
4811440,2,1,4,5.5,9.118607,7.523926,9.123091,7.510079,93.4,1683,False,422.9166667,335.9166667,344,308,305.0252608,99.22655754,Nigeria,0,
6792274,2,0,NC,3.9,9.003732,7.508301,9.005913,7.518221,48,1231.7,False,267.7567568,267.7567568,250,250,82.27587259,82.27587259,Nigeria,0,
6792308,2,0,NC,3.5,9.020022,7.515938,9.021477,7.5277,57.8,1631.9,False,407.9090909,375.7727273,351,351,183.5869646,113.5317064,Nigeria,0,
6095727,2,1,4,5.9,3.737463,-75.258022,3.726783,-75.274325,141.4,2387,False,825.75,797.7,797,797,285.718196,236.7019434,Colombia,0,
16386825,2,1,4,0.4,1.82567,-75.218301,1.689805,-75.282984,93,19350.6,False,3612.962963,3125.444444,3312,3143,1052.778035,648.4504226,Colombia,0,
17312767,2,0,NC,0,22.787286,5.52506,22.787288,5.525053,42.8,15080.7,False,1241.833333,1241.833333,1250,1250,19.30385684,19.30385684,Algeria,0,
10730439,2,0,NC,2.8,2.909176,11.151597,2.919058,11.146269,48.6,1708.7,False,216.1162791,216.1162791,203,203,45.58825293,45.58825293,Cameroon,0,
16857294,2,0,NC,8,2.386011,11.272159,2.383817,11.267783,43.7,544.8,False,92.86363636,92.86363636,76,76,34.8494104,34.8494104,Cameroon,0,
5845911,2,2,3,17.9,3.102049,11.431518,3.091785,11.42545,261.6,1461.8,False,176.4,176.4,171,171,11.21982373,11.21982373,Cameroon,0,
6371695,2,2,3,13.6,3.076938,11.420476,3.066727,11.413217,194.2,1430.6,False,151.2888889,151.2888889,147,147,13.38925311,13.38925311,Cameroon,0,
10730498,2,0,NC,2.9,2.912084,11.174208,2.913568,11.165011,34.4,1094.1,False,132.6734694,132.6734694,122,122,30.66167438,30.66167438,Cameroon,0,
12840444,2,2,3,5,0.033579,100.22195,0.052896,100.213078,165.6,3328,False,614,575.375,528,526,363.2715496,226.9406241,Indonesia,0,
3175571,2,1,4,4.6,0.038827658,100.2222778,0.04853365,100.2160698,90.8,1974.2,False,322.421875,312.5625,273,273,166.2213138,123.841617,Indonesia,0,
12840399,2,3,2,6.5,0.362327,100.057574,0.345798,100.031149,505,7740,False,1468.035714,1449.678571,1467,1450,125.6973355,142.5617795,Indonesia,0,
12840405,2,2,3,3.1,0.348306,99.929727,0.291492,99.936961,231.8,7564.2,False,1029.37931,1027.206897,1049,1049,95.28737435,99.19238684,Indonesia,0,
12840423,2,0,NC,-5.7,0.291055,99.93703,0.273757,99.945044,157.4,2783.3,False,240.6296296,227.8148148,216,216,95.91630153,42.80795793,Indonesia,0,
3452820,2,0,NC,1.4,3.764051749,8.897141022,3.753049985,8.903657438,31.5,1457.8,False,189.027027,189.027027,170,170,59.8897575,59.8897575,Equatorial Guinea,0,
3452847,2,0,NC,0,3.752726714,8.904320618,3.747738666,8.811656768,57.1,11584.4,False,1602.486486,1524,1402,1389,479.3467188,369.9650824,Equatorial Guinea,0,
6339078,2,1,4,6.6,6.902859,126.153055,6.894967,126.146345,81,1218.6,False,418.3432836,394.5223881,391,385,117.7435301,89.73765382,Philippines,0,
6339079,2,1,4,16.1,6.893238,126.146531,6.893736,126.143498,86,535.8,False,173.8636364,164.9848485,158,157,63.27761976,40.54981688,Philippines,0,
14393570,2,0,NC,3.5,0.4323,33.191453,0.427728,33.190973,18.7,534.3,False,207.1538462,201.0769231,170,170,111.2114038,92.5813252,Uganda,0,
17388768,2,0,NC,1.4,0.395721,33.174583,0.420826,33.186769,52.5,3205.9,False,634,601.3636364,614,614,122.839881,132.3008093,Uganda,0,
14147200,2,0,NC,-1.3,0.462333,33.155055,0.440457,33.178375,70.9,3713.1,False,789.6363636,597.7727273,668,601,357.4823003,91.82737353,Uganda,0,
16219633,2,0,NC,4.3,0.267912,32.782593,0.26463,32.775348,40,907.2,False,331.2647059,280.7352941,271,271,161.4583007,67.4376875,Uganda,0,
14054617,2,0,NC,-0.4,0.509402,32.754742,0.68661,32.910889,108.8,28688.8,False,4184.9,3420.8,4899,3617,1019.815322,506.4274479,Uganda,0,
14394225,2,0,NC,-3.3,0.427356,33.190933,0.432263,33.191342,18.6,564.6,False,136.2,125.4,117,117,66.55143374,45.19262477,Uganda,0,
12979396,2,0,NC,3.9,0.366282,32.932052,0.369581,32.941021,42.4,1096.2,False,459.3,291.5,279,279,517.5560936,105.1648706,Uganda,0,
16114864,2,0,NC,-0.6,0.506963,32.90051,0.503477,32.908081,18.9,956.8,False,163.25,163.25,159,159,23.87510907,23.87510907,Uganda,0,
3950036,2,1,4,4.5,0.435366,33.165375,0.431972,33.149718,82.3,1810.9,False,547.5238095,539.4285714,557,557,179.9083415,170.7213188,Uganda,0,
3982281,2,1,4,3.1,0.440356,33.179593,0.432937,33.151452,100,3274.8,False,832,817.8095238,820,820,248.2498741,229.2922068,Uganda,0,
3535662,2,1,4,13.6,30.343961,78.120836,30.344134,78.127266,88,646,False,145.8128655,140.6549708,134,134,56.72205815,37.297182,India,0,
12611553,2,0,NC,0.2,0.185869,-80.02735,0.128701,-80.035443,33.3,6910.6,False,1135.727273,1109.707071,1069,1065,283.2403704,236.9554471,Ecuador,0,
12611488,2,0,NC,1.4,0.208995,-80.02922,0.196745,-80.027406,26.8,1479.8,False,222.1982759,217.75,208,208,55.69331351,43.24965118,Ecuador,0,
3219507,2,1,4,9.4,0.842835,-79.920133,0.844287,-79.913813,118.4,1253.3,False,661.7755102,580.0204082,605,597,301.8682146,157.6329358,Ecuador,0,
6274941,2,1,4,5.5,0.859323,-79.875099,0.859488,-79.866772,80,1465,False,512.9892473,427.4193548,414,411,439.5173916,120.5705364,Ecuador,0,
7021167,2,0,NC,0.3,0.815816,-80.005144,0.812278,-80.048364,62.5,6551.6,False,1300.085106,1196.489362,1156,1134,466.8108565,293.177738,Ecuador,0,
1870721,2,1,4,9.9,0.85292468,-79.85733918,0.855804622,-79.86616382,120.4,1218.8,False,530.4276316,507.3289474,483,483,189.9254217,133.9731796,Ecuador,0,
12611536,2,0,NC,6.5,0.193639,-80.028288,0.189132,-80.027275,36.4,531.9,False,130.9292035,125.9557522,117,117,56.4112141,34.04484013,Ecuador,0,
2241751,2,1,4,8.4,0.433947497,-80.01245801,0.443648164,-80.008973,100.5,1203.8,False,446.7037037,431.1481481,413,406,188.6106738,151.3454972,Ecuador,0,
2250500,2,1,4,5.5,0.49413639,-79.97068088,0.499505287,-79.95926005,82.6,1511,False,445.0588235,405.5294118,347,347,290.1473197,191.7158184,Ecuador,0,
3493552,2,5,HC,7,10.0760782,38.1956831,10.0222885,38.2457825,1375.2,19653.6,False,11623.4375,8990.03125,10653,8980,5128.411328,2560.913759,Ethiopia,0,
1500737,2,1,4,4,8.163978,38.430142,8.149979,38.400452,145.2,3639.1,False,965.7142857,917.7142857,1138,922,385.2434163,362.8640888,Ethiopia,0,
3944145,2,0,NC,-0.3,3.144345,38.281595,3.002737,38.207968,62,17902.9,False,2708.142857,2641.428571,2427,2427,847.8163708,758.0166207,Kenya,0,
3470964,2,1,4,4.7,6.980862943,38.49259389,6.956455261,38.47730697,159,3357.8,False,956.25,878.75,802,802,609.1550329,477.6367387,Ethiopia,0,
13417758,2,0,NC,-0.3,5.364853,73.334084,5.370041,73.350609,15,2003.8,False,627.05,426.25,363,363,633.6190082,170.5593372,Maldives,0,
16542887,2,0,NC,-0.1,4.516637,73.370114,4.513513,73.37051,1.8,376.8,False,86,86,81,81,23.47764895,23.47764895,Maldives,0,
6971349,2,0,NC,-1.7,5.364672,73.334349,5.364887,73.33782,15,429.1,False,260.3333333,81.43333333,78,73,639.3200207,35.07770739,Maldives,0,
17225744,2,0,NC,0.8,5.366921,73.342703,5.364167,73.33507,10.9,999.9,False,267.9310345,188.4827586,178,176,441.5179874,54.11521597,Maldives,0,
5695967,2,0,NC,-0.7,5.112009,73.079522,5.112217,73.077379,2,278,False,565.0769231,64.92307692,54,54,1751.447202,24.97833381,Maldives,0,
13453206,2,0,NC,0.3,1.822562,73.406158,1.819785,73.403552,1.4,431.9,False,101.0769231,95.46153846,99,99,34.28940527,25.46374613,Maldives,0,
4273787,2,0,NC,0.1,2.684912,72.938456,2.680257,72.93121,2,1007,False,411.6666667,335.8333333,392,331,166.0393193,88.94364633,Maldives,0,
13097346,2,0,NC,0,4.10135,73.395946,4.100252,73.397841,0,271,False,69.13333333,67.2,64,64,22.19869866,19.67468763,Maldives,0,
14051754,2,0,NC,-1.2,5.113508,73.075266,5.114661,73.073589,2.8,228.8,False,241.3333333,57.91666667,48,48,606.2451833,42.98925899,Maldives,0,
2211781,2,0,NC,10.6,16.86571327,-24.89521977,16.86662849,-24.89801296,34.2,321.4,False,140.2142857,133.9285714,143,133,63.22937673,59.2337552,Cape Verde,0,
2211711,2,1,4,6.2,16.89499268,-24.93327898,16.87888493,-24.94046395,144,2310.7,False,982.15,874.3,897,882,423.8677005,305.435607,Cape Verde,0,
3540384,2,2,3,11.6,16.87406743,-24.94483838,16.86865213,-24.9401047,171,1466.5,False,1038.5,861.6428571,992,884,441.0786697,267.5485556,Cape Verde,0,
2514891,2,1,4,7.7,36.29757872,59.33025386,36.29656421,59.32239214,81.5,1054.7,False,339.490566,306.2264151,316,310,169.5920324,85.44569974,Iran,0,
2347686,2,1,4,8,36.30128717,59.47856502,36.29465997,59.47703314,84.2,1055.8,False,717,570.8,743,585,176.7925338,96.08933344,Iran,0,
2181562,2,1,4,5.1,36.31635066,59.40729545,36.30906444,59.39148308,97.7,1900.6,False,719.3157895,670.9473684,639,639,184.0025894,117.6415043,Iran,0,
11345079,2,0,NC,0.1,0.84233,-51.189641,0.77763,-51.288888,45.6,13722.4,False,1435.826087,1363.673913,1202,1202,773.9459959,573.8454971,Brazil,0,
12227967,2,0,NC,-0.2,0.234611,-51.304606,0.179868,-51.270978,24.6,7902.5,False,1692.888889,1554.5,1569,1545,269.8464355,199.2932652,Brazil,0,
12227943,2,0,NC,0.1,0.228409,-51.16788,0.181146,-51.271204,33.6,24778.8,False,6369.8125,4908,6483,5133,1762.268042,670.9945976,Brazil,0,
10517209,2,0,NC,-0.2,0.692335,-51.370626,0.842911,-51.18924,66.6,27628.9,False,4100.896552,3906.965517,4403,4389,1445.177387,1287.085038,Brazil,0,
11345100,2,0,NC,-0.2,0.777806,-51.288106,0.842202,-51.189692,45.8,13626,False,2045.645161,1937.774194,2115,2115,830.9335422,701.4505574,Brazil,0,
12227989,2,0,NC,0.2,0.179885,-51.270952,0.233941,-51.304235,24.2,7833.8,False,2185.411765,1569.941176,1493,1465,1858.801355,257.7202018,Brazil,0,
16827181,2,0,NC,0,0.327338,-51.231042,0.236863,-51.184735,45.4,15924,False,6086.611111,3043.777778,5917,3186,2323.888411,396.7300447,Brazil,0,
17532173,2,0,NC,3.2,0.69492,-51.384054,0.695952,-51.387678,13.4,419.2,False,72.51515152,69.87878788,77,76,30.29663569,26.35970016,Brazil,0,
12228003,2,0,NC,0,0.179885,-51.270952,0.228355,-51.16819,34,24908.2,False,7386.294118,5339.117647,6423,5039,2663.377351,707.2090033,Brazil,0,
7217349,2,0,NC,-0.4,8.55095,76.910545,8.564607,76.882893,31.4,3944.7,False,663.1595745,613.7446809,588,586,286.6521282,149.0700204,India,0,
7867796,2,0,NC,0.9,8.51013,76.904058,8.513939,76.927342,32.4,2941.3,False,584.0494505,537.9175824,528,523,247.4939288,115.5526083,India,0,
6777147,2,0,NC,2,8.542146,76.884415,8.54694,76.900362,40.8,1904.6,False,540.1756757,462.1216216,452,444,262.6130314,129.1171637,India,0,
8340942,2,0,NC,1.1,8.516024,76.934149,8.518426,76.941635,12.4,974.5,False,193.754386,191.7251462,191,190,44.52476046,45.08977931,India,0,
13397533,2,0,NC,9.8,8.388487,76.976985,8.390605,76.977243,26.4,268.3,False,556.6363636,158.1022727,225,154,1240.903402,67.25748349,India,0,
1209189,2,1,4,9.6,9.51530898,-84.08601495,9.521333976,-84.08301992,99.1,1032.5,False,306.8148148,283.5111111,287,279,118.3331258,73.7592547,Costa Rica,0,
13191529,2,0,NC,2.3,20.50142,58.935692,20.512115,58.937754,30,1242.4,False,210.75,210.75,218,218,61.05342606,61.05342606,Oman,0,
7236054,2,4,1,2.7,51.844923,107.64784,52.010648,107.74875,662.1,24756.3,False,6133.244898,5476.77551,5719,5238,1741.300294,1150.39566,Russia,0,
5623313,2,1,4,11,51.841765,107.621727,51.841578,107.60882,111,1005.6,False,191.1733333,168.8266667,161,161,185.3073032,70.23681339,Russia,0,
1276887,2,1,4,4.7,9.061748777,38.7352592,9.077699874,38.73348752,123.8,2637.1,False,845.1515152,727.8181818,727,696,340.0785222,162.7104613,Ethiopia,0,
2812153,2,1,4,6.3,9.086374054,38.73339842,9.089862183,38.75052575,132.6,2097.2,False,712.6363636,660.7727273,660,639,385.9298153,182.7774185,Ethiopia,0,
1276855,2,1,4,6.5,9.078814164,38.73172045,9.084407324,38.72297871,106.8,1636.7,False,595.9285714,522.6904762,527,497,286.5334181,141.4820345,Ethiopia,0,
1276856,2,1,4,5.3,9.094675574,38.71599063,9.084448228,38.72300545,88.2,1660.8,False,698.6805556,543.4166667,519,518,988.273197,172.047131,Ethiopia,0,
3109753,2,1,4,4,9.023155583,38.71528455,9.0527218,38.7121895,140.1,3459.5,False,769.1578947,752.6315789,738,738,138.3569994,130.8362619,Ethiopia,0,
1276881,2,1,4,8,9.090946717,38.69319253,9.097747207,38.68633521,94.4,1181.1,False,622.5,543.875,531,517,280.2482159,115.0227559,Ethiopia,0,
1757806,2,0,NC,0,65.87962791,-23.49310691,65.8796767,-23.49338653,550.8,56366.1,False,13025.77401,12535.9435,12145,11953,3099.416412,2558.010705,Iceland,0,
833854,2,1,4,5.6,14.961037,-23.516882,14.970019,-23.524918,80.3,1446.1,False,428.7625,417.9875,409,409,168.2020544,143.4407973,Cape Verde,0,
833855,2,1,4,5.2,14.973944,-23.467612,14.973062,-23.482707,111.4,2162.6,False,711.6190476,676.0952381,704,634,221.1533569,178.1870084,Cape Verde,0,
1654866,2,1,4,5,64.9314109,-23.5075175,64.9461804,-23.4899915,94.4,1870.3,False,892.6,622.1,769,611,532.5362648,180.1091521,Iceland,0,
2163126,2,3,2,9.9,29.58529857,106.6347823,29.56960475,106.6421119,325.2,3291.2,False,1308.134615,1021.596154,1003,939,884.2870233,290.0019403,China,0,
4071509,2,1,4,2.5,47.819963,106.760131,47.787134,106.747992,98.2,3935.7,False,855.7258065,732.6774194,776,665,429.0694045,222.8508668,Mongolia,0,
2625295,2,1,4,16.2,29.58836558,106.575929,29.58788297,106.5681438,123.1,761.9,False,109.71875,85.890625,76,76,113.8736236,32.0122619,China,0,
2939321,2,1,4,6.8,5.778877493,-0.181415565,5.788371088,-0.188776134,114.4,1673.5,False,599.3660714,470.0267857,486,471,392.869253,122.669741,Ghana,0,
2939327,2,1,4,9,5.794752734,-0.184867484,5.80163327,-0.183387911,94.6,1056,False,411.0967742,381.5483871,371,368,173.9144867,106.8655588,Ghana,0,
3528442,2,0,NC,2.9,5.645270551,-0.189379186,5.649758244,-0.196642214,55.5,1669.8,False,392.402439,388.0243902,380,380,104.8503998,100.2067345,Ghana,0,
4522084,2,0,NC,-2.8,5.858934,-0.166678,5.755801,-0.178705,397.8,14380.1,False,1943.014925,1567.985075,1594,1544,844.4174269,231.3803158,Ghana,0,
4026309,2,2,3,9.5,5.844024,-0.195337,5.839112,-0.18913,172,1811.4,False,951.7346939,799.3265306,807,781,423.2373665,198.7068796,Ghana,0,
4072524,2,2,3,7.2,5.958716,-0.125952,5.942279,-0.119659,300.6,4167.5,False,1500.052632,1459.894737,1466,1463,331.3749623,289.2890368,Ghana,0,
8193430,2,0,NC,0.3,5.265893,-3.956157,5.259022,-3.939535,7.1,1995.7,False,258.2121212,258.2121212,237,237,105.0834467,105.0834467,Ivory Coast,0,
8193448,2,0,NC,-0.3,5.259305,-3.939867,5.265917,-3.955825,7,1916.3,False,265.0909091,255.969697,224,224,112.7274438,89.85796363,Ivory Coast,0,
8061909,2,0,NC,-0.1,5.23122,-3.757357,5.223997,-3.729115,6.2,3232.5,False,385.8409091,372.0227273,346,343,135.6122385,98.2775496,Ivory Coast,0,
8062680,2,0,NC,8.3,5.40604,-3.86952,5.399835,-3.870835,70.8,855.7,False,613.8823529,450.1764706,464,427,432.5768048,190.9484794,Ivory Coast,0,
8288168,2,0,NC,6.6,5.393717,-3.854773,5.385395,-3.856353,68.3,1032.6,False,470.3684211,402.1578947,409,385,223.2426602,122.7523237,Ivory Coast,0,
6207267,2,0,NC,5.5,5.362098,-3.821546,5.351649,-3.822257,77.2,1368.2,False,542.2105263,456.3157895,469,460,269.3914348,122.8135312,Ivory Coast,0,
10731759,2,0,NC,1,5.402177,-4.180141,5.406685,-4.157997,41.4,2506.7,False,600.5217391,588.0869565,478,478,271.183857,233.3059035,Ivory Coast,0,
10648918,2,0,NC,-0.1,5.236837,-3.873132,5.223857,-3.729237,14.2,16181.3,False,1909.37931,1849.206897,1594,1594,692.3607996,555.3365168,Ivory Coast,0,
10649946,2,0,NC,0.1,5.210188,-3.757312,5.211862,-3.777625,5.7,2259.5,False,304.6785714,276.0714286,242,242,213.9881595,75.72173144,Ivory Coast,0,
4273787,2,0,NC,0.1,2.684912,72.938456,2.680257,72.93121,2,1007,False,411.6666667,335.8333333,392,331,166.0393193,88.94364633,Maldives,0,
6764467,2,0,NC,-1.4,9.110361,7.482521,9.083091,7.513247,69.2,4799.6,False,416.4756098,411.4878049,405,405,99.80373736,80.93602471,Nigeria,0,
6792256,2,0,NC,7.2,9.032934,7.534305,9.029183,7.5357,32.2,449.2,False,138.2325581,138.2325581,127,127,42.59972552,42.59972552,Nigeria,0,
6792337,2,0,NC,5.4,9.034383,7.53358,9.03723,7.535925,23.2,422.6,False,109.6944444,96.58333333,95,95,65.49589446,34.32716369,Nigeria,0,
7306404,2,0,NC,3.4,9.06886,7.495678,9.06619,7.497122,11.8,344.4,False,56.13846154,50.09230769,45,45,73.10095799,28.99587402,Nigeria,0,
6792226,2,0,NC,5.8,9.043172,7.538677,9.036468,7.535629,50.2,858.7,False,300.2325581,253.0465116,243,243,223.5357354,71.69475135,Nigeria,0,
6733236,2,1,4,3.3,9.024773,7.559694,9.040577,7.543863,93.8,2876.6,False,724.8461538,713.5384615,665,665,333.2748568,326.0239763,Nigeria,0,
4811440,2,1,4,5.5,9.118607,7.523926,9.123091,7.510079,93.4,1683,False,422.9166667,335.9166667,344,308,305.0252608,99.22655754,Nigeria,0,
6792274,2,0,NC,3.9,9.003732,7.508301,9.005913,7.518221,48,1231.7,False,267.7567568,267.7567568,250,250,82.27587259,82.27587259,Nigeria,0,
6792308,2,0,NC,3.5,9.020022,7.515938,9.021477,7.5277,57.8,1631.9,False,407.9090909,375.7727273,351,351,183.5869646,113.5317064,Nigeria,0,
3293623,2,0,NC,3.5,14.715194,-17.488835,14.716636,-17.496414,37.3,1014.9,False,178.0555556,177.0138889,172,172,47.13275839,44.6129942,Senegal,0,
3356746,2,0,NC,3.2,14.753908,-17.496216,14.75046,-17.492147,20.9,657.6,False,94.35087719,94.35087719,86,86,29.77488122,29.77488122,Senegal,0,
3356775,2,0,NC,3.5,14.722713,-17.499097,14.723658,-17.501457,37.1,926,False,276.975,255.525,235,229,131.7346742,94.40868273,Senegal,0,
3314834,2,0,NC,2.1,14.736214,-17.512755,14.724785,-17.499804,46.4,1956,False,279.6097561,277.6341463,278,278,53.85340447,50.33098066,Senegal,0,
3356768,2,0,NC,2.2,14.735305,-17.511762,14.723604,-17.501481,75.6,2969.8,False,521,520.9375,515,515,68.70407557,68.71541744,Senegal,0,
4038449,2,0,NC,2.4,14.716076,-17.490171,14.720484,-17.497252,45.6,1674.4,False,272.6666667,267.8571429,260,255,85.09788948,84.34186991,Senegal,0,
3293663,2,0,NC,6.3,14.723255,-17.496007,14.722069,-17.494723,23.1,365,False,150.4545455,117.5454545,120,115,78.89447917,35.746236,Senegal,0,
10994164,2,1,4,4.6,7.59168,4.945611,7.593242,4.974137,157.2,3355.6,False,1071.25,936.4166667,965,928,277.171164,141.443427,Nigeria,0,
10994128,2,0,NC,0.1,7.122733,4.864716,7.46065,4.906334,107.2,41000.6,False,5953.214286,5447.928571,5443,5207,1157.255508,808.9775261,Nigeria,0,
10994146,2,2,3,2.8,7.480071,4.902293,7.500281,4.953365,229.6,8082.3,False,2051.5,1840.4,1767,1748,785.8953175,462.519232,Nigeria,0,
1332558,2,3,2,11,48.1158934,-66.1259387,48.1359009,-66.1172198,522.5,4765.5,False,2207.580838,2010.215569,2068,1957,615.5391807,436.2413374,Canada,0,
6219542,2,2,3,4.4,0.035731,100.745201,0.002977,100.728935,251.2,5689.3,False,2171.25,1699.321429,1852,1639,1004.044006,419.0867668,Indonesia,0,
15576625,2,0,NC,5.6,0.310885,100.794365,0.308574,100.78912,49.2,837,False,526.6458333,270.9791667,259,254,846.9061708,100.9625528,Indonesia,0,
4405163,2,1,4,8,0.313982,100.777154,0.310577,100.786222,100.2,1255.5,False,467.5,370.5,397,397,386.0964258,213.0198348,Indonesia,0,
4405162,2,1,4,14.4,0.248586,100.772264,0.250763,100.777054,89,618.8,False,319.0909091,274.5454545,230,230,221.9739766,136.903658,Indonesia,0,
3120899,2,1,4,5.6,6.950948769,0.588087151,6.952510234,0.578916846,133.6,2401.4,False,1189.769231,917.2884615,1149,895,407.9965411,140.2469438,Togo,0,
3120903,2,1,4,6.5,6.954439245,0.580204725,6.959616495,0.587397069,84.2,1290.8,False,504.9,410.78,443,418,177.6332458,54.66343934,Togo,0,
2267922,2,2,3,9,6.866615424,0.419172188,6.854796857,0.416828943,223.4,2487.1,False,1445.411765,1302,1360,1141,525.7166603,388.8409625,Ghana,0,
3120895,2,1,4,4.7,6.921016574,0.609703409,6.942534847,0.599018997,149.6,3196.2,False,1042.367347,833.4285714,948,832,267.2377749,98.53643271,Togo,0,
3120905,2,1,4,5.5,7.004603008,0.597012285,7.020582017,0.602057269,131.6,2400.8,False,1087.2,805.5,1073,797,335.2547688,98.68216658,Togo,0,
6078666,2,1,4,6.7,6.982301,0.59652,6.994268,0.59681,96.8,1452.4,False,811.1372549,662.627451,779,631,206.343519,110.7958661,Togo,0,
2267924,2,1,4,7.7,6.809251858,0.42502393,6.817842638,0.423421478,143.4,1862.1,False,1077.45,833.1,1085,864,416.0756512,188.639842,Ghana,0,
2544343,2,1,4,4.2,5.162319,-52.902183,5.157934,-52.883202,90.8,2172.9,False,224.8125,216.7916667,194,194,98.56240752,49.91449286,French Guiana,0,
1164524,2,0,NC,12.5,64.1808437,-51.72269758,64.17784732,-51.72542105,47,371.7,False,90.1875,86.75,82,82,58.87191473,53.81449619,Greenland,0,
17504162,2,0,NC,6.5,64.197863,-51.676699,64.196493,-51.67239,29.6,454.5,False,167.2692308,161.4230769,167,164,45.80019961,38.67634248,Greenland,0,
1164555,2,0,NC,3.5,64.17695761,-51.6776973,64.18298185,-51.67949438,35,907.6,False,217.8571429,217.8571429,211,211,47.18886644,47.18886644,Greenland,0,
828618,2,0,NC,3.3,64.17862594,-51.72266722,64.17206526,-51.7284447,26,784.2,False,174.1052632,174.1052632,167,167,52.43130316,52.43130316,Greenland,0,
828616,2,0,NC,3.7,64.18050349,-51.70662761,64.1803962,-51.71264112,31,841.6,False,264.6666667,252.1666667,223,223,132.3476063,107.732565,Greenland,0,
1093179,2,0,NC,1.9,64.18584354,-51.72179297,64.18819204,-51.7241545,11.1,299,False,61.54545455,61.54545455,63,63,14.76090436,14.76090436,Greenland,0,
5951692,2,3,2,10.3,18.866953,-70.482692,18.871592,-70.514131,501.6,4841.2,False,2907.958115,2662.659686,2723,2639,976.3081483,611.413789,Dominican Republic,0,
1549504,2,1,4,6.6,9.354939661,-70.59636162,9.343260736,-70.60218159,103.8,1577.7,False,415.6588235,381.8705882,371,369,238.6982123,147.7887036,Venezuela,0,
4454806,2,0,NC,0,5.840638,-55.139244,5.840652,-55.139244,4.7,3897.5,False,455.8172043,455.8172043,424,424,120.2091319,120.2091319,Suriname,0,
4608129,2,0,NC,2.7,48.996028,-54.86509,48.978411,-54.846729,72.8,2419,False,828.2741935,572.516129,625,546,540.9702803,159.5197168,Canada,0,
5543167,2,1,4,9.3,5.845514,-55.113088,5.851679,-55.107406,86.4,929.4,False,166.9942197,154.7052023,144,144,98.35793412,54.60250292,Suriname,0,
3672206,2,0,NC,1.8,0.318626172,32.59567061,0.323733784,32.60232588,19,936.1,False,175.2045455,172.5909091,160,160,66.09654768,60.97142333,Uganda,0,
5845948,2,0,NC,1,0.404005,32.588455,0.36589,32.604779,59.8,4824.8,False,1332.6,1056.866667,1302,991,593.1680819,322.6793799,Uganda,0,
3696493,2,0,NC,1.5,0.363750464,32.63543622,0.378999569,32.64554382,50.1,2077.8,False,414.0714286,401.7857143,403,403,89.67517915,78.53223048,Uganda,0,
2922203,2,0,NC,13.3,0.333067506,32.58925619,0.332396505,32.59163808,46.8,344.8,False,144.6785714,128.8928571,113,113,101.9706028,68.57755739,Uganda,0,
3696454,2,0,NC,4.4,0.373063215,32.6426973,0.379080405,32.64559898,39.1,744.3,False,160.4,158.0666667,161,161,39.92125583,37.68017457,Uganda,0,
5845973,2,0,NC,4.4,0.374517,32.60079,0.369774,32.602566,26,566.9,False,163.4,149.5666667,142,142,79.76866553,43.1892605,Uganda,0,
7601448,2,0,NC,0.8,0.328967,32.60286,0.342771,32.595305,22.2,1839.9,False,330.4067797,314.8474576,313,307,118.6793313,104.5174243,Uganda,0,
5230516,2,0,NC,11.3,0.25518,32.619862,0.254403,32.617359,64,565.2,False,574.8235294,293.4117647,220,217,875.3217382,167.7978682,Uganda,0,
16857342,2,1,4,7.8,0.672341,11.50313,0.68812,11.498376,158.4,2018.9,False,373.0714286,373.0714286,360,360,33.41613016,33.41613016,Gabon,0,
5845911,2,2,3,17.9,3.102049,11.431518,3.091785,11.42545,261.6,1461.8,False,176.4,176.4,171,171,11.21982373,11.21982373,Cameroon,0,
6371695,2,2,3,13.6,3.076938,11.420476,3.066727,11.413217,194.2,1430.6,False,151.2888889,151.2888889,147,147,13.38925311,13.38925311,Cameroon,0,
11268941,2,0,NC,9.7,1.611149,11.557012,1.6124,11.561856,64.8,667.6,False,106.1304348,106.1304348,105,105,9.176076399,9.176076399,Gabon,0,
7968693,2,0,NC,0,8.420579,-72.156326,8.3669,-72.302131,16,18050.1,False,2113.041667,1990.75,2092,2065,576.3558998,402.0439704,Venezuela,0,
9535518,2,0,NC,0.5,8.420212,-72.155844,8.333759,-72.088428,60.2,12616.1,False,1340.695652,1337.73913,1364,1364,313.7069298,315.4894358,Venezuela,0,
13635938,2,0,NC,0.1,8.470225,-72.163582,8.386582,-72.138298,43,20215.2,False,3248.037037,3152.333333,2890,2890,974.2875643,794.5282784,Venezuela,0,
14661572,2,0,NC,0,16.256191,0.000227,16.256417,-0.000239,5.1,1814.9,False,241.7222222,241.7222222,240,240,67.37688819,67.37688819,Mali,0,
14661763,2,0,NC,-0.1,16.253746,-0.001572,16.253333,-0.005041,2.3,1074.1,False,176.0769231,176.0769231,160,160,55.35266172,55.35266172,Mali,0,
5535209,2,1,4,6.5,1.424098,124.83719,1.410305,124.832905,121,1864.4,False,533.6912752,488.2751678,480,480,254.6431349,130.0577496,Indonesia,0,
5585658,2,1,4,7.5,1.394702,124.829714,1.389261,124.832487,91.5,1223.9,False,455.7581699,400.5751634,397,394,253.198107,110.3624861,Indonesia,0,
3326849,2,1,4,5.3,1.357194912,124.8343512,1.35233718,124.8440083,85.6,1608.7,False,521.9264706,495.6323529,507,500,156.1703742,112.3612745,Indonesia,0,
5585660,2,1,4,4.4,1.369211,124.831525,1.352939,124.832808,91.8,2108.6,False,699.620155,603.8604651,606,593,434.8734681,182.0527543,Indonesia,0,
5535210,2,1,4,15.5,1.398022,124.82914,1.393751,124.828139,81.2,524,False,189.0064935,169.3571429,168,168,110.9402259,51.34447941,Indonesia,0,
5585659,2,1,4,7.1,1.38204,124.831864,1.376575,124.831445,84.5,1181.9,False,403.9246575,375.6506849,362,361,191.6756352,112.1605743,Indonesia,0,
1866829,2,1,4,9.2,9.105455456,124.7946524,9.11215507,124.7887155,117.9,1206.3,False,503.4320988,398.8271605,383,373,396.4336676,118.1748851,Philippines,0,
5957813,2,0,NC,0,12.373102,-1.511429,12.37317,-1.511066,8.7,5161,False,424.3529412,424.3529412,421,421,24.83342429,24.83342429,Burkina Faso,0,
5226952,2,0,NC,0,8.292648,-62.71546,8.292644,-62.714941,75.3,13016,False,1658.743056,1630.208333,1626,1619,342.0314871,285.6826103,Venezuela,0,
4538590,2,0,NC,0,8.316013,-62.74515,8.316017,-62.745156,38.7,6669,False,1576.361111,1513.703704,1441,1426,603.2418202,426.2902258,Venezuela,0,
5448274,2,0,NC,-0.3,8.200911,-62.877858,8.243963,-62.904926,34.4,8126.3,False,926.8310811,905.0945946,866,866,250.0316842,186.1760769,Venezuela,0,
5543883,2,0,NC,-0.2,8.200686,-62.877207,8.246197,-62.903746,34,7586.8,False,815.2666667,813.6666667,782,779,154.6603248,154.0028527,Venezuela,0,
5227071,2,0,NC,0,8.305909,-62.727796,8.305973,-62.727859,117.4,12688.2,False,1900.527778,1870.055556,1973,1894,240.6541417,206.1904385,Venezuela,0,
5612146,2,0,NC,1.4,8.316227,-62.747164,8.306644,-62.754893,33.1,2237.6,False,745.2045455,663.7121212,634,628,359.0647308,176.8389325,Venezuela,0,
3493552,2,5,HC,7,10.0760782,38.1956831,10.0222885,38.2457825,1375.2,19653.6,False,11623.4375,8990.03125,10653,8980,5128.411328,2560.913759,Ethiopia,0,
6392037,2,1,4,5.4,5.623603,-53.695782,5.636809,-53.716882,152,2793.1,False,269.9074074,269.8518519,240,240,61.28417974,61.31714986,French Guiana,0,
776839,2,1,4,10.8,3.123463,12.284365,3.117726,12.277947,102.7,954.8,False,120.0909091,120.0909091,114,114,25.64160166,25.64160166,Cameroon,0,
5840712,2,0,NC,7.3,3.108476,12.249483,3.10783,12.245696,31.4,427.6,False,74.54545455,74.54545455,72,72,29.00035622,29.00035622,Cameroon,0,
1891361,2,1,4,9,0.876020669,-79.65308613,0.876983325,-79.65977349,124.4,1387.6,False,432.25,417.469697,424,418,118.4806834,103.6885224,Ecuador,0,
2800763,2,1,4,14.4,7.126258495,80.83493974,7.128368849,80.83828739,90.6,629.2,False,197.9661017,148.3898305,146,145,220.9194934,47.37517656,Sri Lanka,0,
2668800,2,2,3,2.9,9.248348214,123.2933988,9.278674526,123.247091,175.2,6111.2,False,1555.870968,1478.564516,1406,1403,598.6590926,424.7205389,Philippines,0,
5317749,2,0,NC,0.1,0.558971,123.048401,0.648863,122.859142,27.6,27253.9,False,3359.431818,3231.954545,3298,3240,629.0267879,476.9736964,Indonesia,0,
5380621,2,0,NC,0.2,0.63801,122.925793,0.647828,122.86153,19.6,7298,False,884.3833333,880.5333333,853,853,176.1218415,167.5870387,Indonesia,0,
5380653,2,0,NC,-0.1,0.637556,122.926943,0.62013,122.975818,10.7,6159.8,False,1000.790323,737.2096774,730,730,1075.570968,184.6570611,Indonesia,0,
5380633,2,0,NC,0.1,0.62012,122.976312,0.637728,122.926737,10.5,6251.1,False,758.6393443,749.442623,730,730,153.8446132,132.6027625,Indonesia,0,
5380551,2,0,NC,-0.2,0.535434,123.1305,0.542215,123.084084,12,5232.1,False,705.5636364,664.8909091,629,625,265.4769131,162.5231366,Indonesia,0,
1804767,2,2,3,3.5,10.5641993,123.0971319,10.57709327,123.1674131,303.6,8380.1,False,2771.351759,2346.38191,2552,2336,936.3343511,508.9996346,Philippines,0,
2957403,2,1,4,3.7,9.269263912,123.2628819,9.278392643,123.2431416,93.4,2520.1,False,697.8709677,693.2580645,680,680,157.8418445,150.5013059,Philippines,0,
3326851,2,1,4,8,0.774255339,122.8594666,0.763048567,122.8590064,135.2,1683.3,False,934.5641026,689.8717949,747,664,545.2001183,162.3958727,Indonesia,0,
17886118,2,0,NC,4.4,6.655783,-4.707209,6.657336,-4.709777,16.4,372,False,37.18181818,37.18181818,38,38,2.656661672,2.656661672,Ivory Coast,0,
17868928,2,0,NC,-0.1,6.649588,-4.707558,6.649596,-4.707531,26.6,4084.8,False,383.5454545,383.5454545,380,380,19.14710344,19.14710344,Ivory Coast,0,
15724178,2,0,NC,0,1.840173,9.745437,1.853833,9.756329,4.2,2683.8,False,323.8333333,323.8333333,331,331,55.58601943,55.58601943,Equatorial Guinea,0,
15774678,2,0,NC,0,1.869758,9.770047,1.863879,9.761506,0,1292.9,False,159.4545455,159.4545455,165,165,24.29127654,24.29127654,Equatorial Guinea,0,
15774649,2,0,NC,0,1.864056,9.7615,1.869805,9.769948,0,1243.9,False,164.7272727,164.7272727,166,166,25.22297261,25.22297261,Equatorial Guinea,0,
15138479,2,0,NC,-0.3,1.856519,9.824381,1.887409,9.794073,21.8,5872.8,False,709.2307692,709.2307692,700,700,87.58130627,87.58130627,Equatorial Guinea,0,
17010034,2,0,NC,0.3,1.857477,9.847802,1.865966,9.892776,20.6,5457.6,False,732.5,732.5,708,708,46.46342648,46.46342648,Equatorial Guinea,0,
13664264,2,0,NC,0.3,1.886732,9.794752,1.856414,9.824326,21.2,5795.7,False,798.5,798.5,807,807,79.57364065,79.57364065,Equatorial Guinea,0,
15138703,2,0,NC,-0.1,1.90513,9.800194,1.930241,9.812643,2,3287.7,False,392.1,392.1,388,388,50.04887611,50.04887611,Equatorial Guinea,0,
6844874,2,4,1,7.3,5.375264,10.014352,5.408529,10.025032,673.6,9204.1,False,2842.3,2334.3,2350,2163,1517.951979,982.1546772,Cameroon,0,
17040101,2,0,NC,6,1.879548,9.959892,1.872761,9.96722,74.4,1227.9,False,354.3,354.3,348,348,54.58580402,54.58580402,Equatorial Guinea,0,
15138836,2,0,NC,0,1.853832,9.756277,1.840172,9.745692,2.2,2717.6,False,358.0833333,358.0833333,369,369,50.32139759,50.32139759,Equatorial Guinea,0,
3452777,2,0,NC,-1,3.732771306,8.760721688,3.737276783,8.793465509,41.2,4324,False,450.1282051,449.2564103,425,425,103.2398699,101.937064,Equatorial Guinea,0,
6804636,2,0,NC,1.4,3.755828,8.718505,3.749374,8.711135,14.7,1077.7,False,157.6078431,157.6078431,144,144,46.52769718,46.52769718,Equatorial Guinea,0,
3452742,2,0,NC,1.1,3.74031881,8.725480145,3.738587684,8.744646666,25.5,2153.5,False,335.7391304,329.0869565,283,283,165.1185917,142.0821603,Equatorial Guinea,0,
3452713,2,0,NC,1.2,3.753648158,8.723490831,3.741468338,8.723691006,18.3,1397.4,False,229.1162791,229.1162791,206,206,70.91797073,70.91797073,Equatorial Guinea,0,
6804626,2,0,NC,-0.2,3.752167,8.773612,3.755859,8.719336,24.7,6240.3,False,803.0714286,785.4285714,789,787,82.55514545,90.37122984,Equatorial Guinea,0,
8852801,2,0,NC,0.3,22.597782,31.505498,22.553237,31.51689,18.6,5090.1,False,651.6052632,648.8157895,645,645,139.0048351,139.3618643,Egypt,0,
8852788,2,0,NC,0.6,22.705748,31.47445,22.619443,31.50018,61.6,9959.6,False,1574.447368,1351.473684,1381,1266,755.9398715,338.2222671,Egypt,0,
1443028,2,1,4,5.3,12.53268809,37.30020714,12.52931613,37.31433677,92.7,1759.7,False,662.1481481,588.4074074,602,560,309.6428891,146.6066188,Ethiopia,0,
1443029,2,1,4,4.4,12.52972676,37.34394911,12.53650479,37.36631521,120.7,2747.5,False,908.2962963,887.4444444,823,823,295.1404957,269.3171521,Ethiopia,0,
1887375,2,1,4,5.8,9.093094077,38.76062904,9.104387769,38.76739668,86,1484.5,False,612.96875,551.90625,569,555,210.5302063,104.593666,Ethiopia,0,
2812153,2,1,4,6.3,9.086374054,38.73339842,9.089862183,38.75052575,132.6,2097.2,False,712.6363636,660.7727273,660,639,385.9298153,182.7774185,Ethiopia,0,
1276887,2,1,4,4.7,9.061748777,38.7352592,9.077699874,38.73348752,123.8,2637.1,False,845.1515152,727.8181818,727,696,340.0785222,162.7104613,Ethiopia,0,
1276855,2,1,4,6.5,9.078814164,38.73172045,9.084407324,38.72297871,106.8,1636.7,False,595.9285714,522.6904762,527,497,286.5334181,141.4820345,Ethiopia,0,
1276859,2,1,4,6.6,9.019715292,38.82630955,9.028315293,38.8329989,95.8,1454.1,False,266.4285714,260.8571429,255,255,88.909034,73.28989128,Ethiopia,0,
1276856,2,1,4,5.3,9.094675574,38.71599063,9.084448228,38.72300545,88.2,1660.8,False,698.6805556,543.4166667,519,518,988.273197,172.047131,Ethiopia,0,
1598549,2,2,3,4.9,15.16056167,38.87183653,15.18843745,38.86679079,224,4547.2,False,857.6666667,854.2857143,750,750,232.1916969,224.9057248,Eritrea,0,
6427821,2,2,3,4.6,7.187226,38.646065,7.158626,38.683001,245.8,5314.3,False,920.1538462,895.6923077,858,858,307.2460418,243.2524439,Ethiopia,0,
3741729,2,1,4,5.1,15.7248422,38.60186406,15.71740427,38.61405931,92.4,1805.9,False,283.0769231,283.0769231,273,273,26.06341833,26.06341833,Eritrea,0,
3470964,2,1,4,4.7,6.980862943,38.49259389,6.956455261,38.47730697,159,3357.8,False,956.25,878.75,802,802,609.1550329,477.6367387,Ethiopia,0,
3120901,2,1,4,7.2,6.736807488,0.839611134,6.73552447,0.825409759,119.6,1653,False,453.21875,384.46875,405,399,165.2643213,40.36395698,Togo,0,
3120913,2,1,4,6.3,7.152715428,0.692203883,7.167476378,0.693862997,112.8,1793.1,False,494.0363636,440.6363636,432,431,205.6084508,79.49713857,Togo,0,
2978325,2,1,4,5.4,7.126115542,0.657987027,7.137019811,0.668551493,111.6,2076.8,False,898.2745098,856.7647059,846,815,192.6941169,124.1137347,Togo,0,
3120909,2,1,4,5.7,7.139761699,0.672919722,7.147995997,0.685947128,114.4,1991.9,False,413.9607843,368.5294118,377,368,130.8216809,36.70569382,Togo,0,
7608564,2,1,4,4.3,12.657973,-8.000303,12.668392,-8.007686,102,2366.5,False,572,572,511,511,197.8460681,197.8460681,Mali,0,
7615104,2,2,3,2.9,12.657955,-8.000251,12.690449,-8.031771,202.7,6963.7,False,1535.076923,1525.615385,1400,1400,455.2229313,438.2120208,Mali,0,
7608592,2,0,NC,1.4,12.723851,-8.052814,12.689669,-8.027734,80.8,5105.8,False,821.6,821.6,800,800,180.1816861,180.1816861,Mali,0,
10419347,2,0,NC,-0.5,12.617494,-8.000451,12.627185,-8.007269,8.5,1308.9,False,151.0625,151.0625,146,146,43.871216,43.871216,Mali,0,
9756128,2,1,4,4.5,12.660559,-8.034996,12.651634,-8.047165,97.8,2152.4,False,513,513,456,456,135.7040898,135.7040898,Mali,0,
8164895,2,0,NC,-4.4,12.668403,-8.007571,12.658046,-8.000346,100.5,2303.6,False,183,183,177,177,18.09604008,18.09604008,Mali,0,
6453469,2,1,4,6.9,21.74605,39.284633,21.7439,39.292867,96.5,1408.2,False,778.0810811,668.0540541,683,661,225.0300134,92.61164072,Saudi Arabia,0,
7335698,2,1,4,4.5,0.488499,30.28918,0.503888,30.298299,112.6,2482.3,False,891.875,787.84375,882,798,276.9727818,182.7568585,Uganda,0,
1675263,2,2,3,3.4,36.78522686,99.6703648,36.7618142,99.61330114,262.2,7664.9,False,2247.547619,1951.619048,1183,1183,1537.192512,1141.012165,China,0,
1675264,2,1,4,17.5,36.75191517,99.60614534,36.74743219,99.60668866,92.2,527.2,False,43.6097561,38.09756098,32,32,27.06800654,10.42933218,China,0,
1706051,2,2,3,16.8,1.8212641,102.9222963,1.81707535,102.9286397,163.6,972.4,False,896.5686275,648.4117647,736,658,436.7846086,208.8475076,Malaysia,0,
9144309,2,0,NC,0.3,2.020591,103.079155,2.034749,103.106171,19,3905.2,False,681.2580645,666.9354839,680,665,115.8611426,99.49483225,Malaysia,0,
13773705,2,0,NC,-0.2,2.470553,103.018583,2.457366,102.984104,13.5,5680.6,False,940.3333333,901.7333333,881,881,275.028645,184.8501976,Malaysia,0,
17312767,2,0,NC,0,22.787286,5.52506,22.787288,5.525053,42.8,15080.7,False,1241.833333,1241.833333,1250,1250,19.30385684,19.30385684,Algeria,0,
2406802,2,0,NC,0,4.83642,7.015854,4.980707,6.95035,15,23150.9,False,2761.166667,2598.208333,2742,2595,558.3125369,398.1161869,Nigeria,0,
7163532,2,0,NC,1.5,4.834457,7.014604,4.837521,7.014407,6.6,350.6,False,44.55172414,43.55172414,40,40,11.56864432,8.884648546,Nigeria,0,
11174915,2,0,NC,1.2,4.85576,7.048607,4.855566,7.044544,5.6,454.1,False,58.84615385,58.84615385,54,54,23.14285453,23.14285453,Nigeria,0,
4081833,2,0,NC,0,4.981147,6.94807,4.981003,6.948044,12.6,48212,False,7262.769231,5430.615385,7584,5263,912.9345881,739.5277639,Nigeria,0,
11175011,2,0,NC,-1.3,4.857639,7.04346,4.856222,7.040742,4.4,348.4,False,36.51851852,36.51851852,33,33,16.15978174,16.15978174,Nigeria,0,
9354526,2,0,NC,4.2,4.807789,7.010068,4.809482,7.010216,8,188.5,False,26.63636364,26.63636364,25,25,9.825193905,9.825193905,Nigeria,0,
7163651,2,0,NC,3.5,4.837961,7.01434,4.836437,7.014236,6,169.1,False,20.5,20.5,19,19,9.275116052,9.275116052,Nigeria,0,
9405697,2,0,NC,-3.5,4.859144,7.021812,4.859339,7.021752,0.8,22.8,False,9.583333333,9.583333333,9,9,3.684615162,3.684615162,Nigeria,0,
6945151,2,0,NC,-0.4,5.805663,-55.171468,5.805589,-55.163882,4,843.2,False,229.656,221.512,209,208,96.3339279,77.33745442,Suriname,0,
5713134,2,0,NC,0,5.852504,-55.150134,5.857977,-55.182979,11.1,3724.5,False,457.56,454.42,432,431,106.4479516,103.2957095,Suriname,0,
1358081,2,3,2,5.1,4.996907534,-55.19344568,4.94904276,-55.18183616,417.5,7996.3,False,3813.285714,3143.333333,3714,2936,987.2726811,664.8688616,Suriname,0,
9671514,2,0,NC,0.2,5.456057,-55.205563,5.379458,-55.141733,23.6,12153,False,1621.212766,1585.382979,1555,1555,293.4378716,242.1053536,Suriname,0,
7239179,2,0,NC,0,5.801106,-55.122514,5.785832,-55.025153,14,12315.6,False,1849.855422,1649.566265,1551,1545,837.3850453,386.3063019,Suriname,0,
963002,2,1,4,8.1,4.965972695,-55.17573606,4.95696676,-55.18025106,95.4,1182.9,False,475.7391304,443.826087,446,427,140.982027,96.96913546,Suriname,0,
5408240,2,3,2,9.8,3.736523,-61.726306,3.758447,-61.718186,458.6,4669.1,False,3429.06,2650.06,3038,2568,1587.156393,838.3748345,Brazil,0,
2444799,2,1,4,9.3,3.73634952,-61.72624486,3.74285005,-61.72973617,123.4,1325.1,False,834.8805031,681.0377358,746,670,423.4549179,222.0255775,Brazil,0,
8334025,2,0,NC,10.8,7.328666,-61.825136,7.331993,-61.825783,53.6,456.2,False,300.5483871,257.9032258,244,236,146.3168984,76.25862398,Venezuela,0,
5141836,2,0,NC,-9.4,56.02065,92.884748,56.019791,92.881787,21.1,224.4,False,26.52739726,23.89726027,20,20,39.44428969,14.50306035,Russia,0,
4749334,2,0,NC,-2.2,56.022515,92.903074,56.01544,92.894628,24.2,987.9,False,119.8679245,111.4528302,95,95,83.87772721,47.85955582,Russia,0,
4749421,2,0,NC,8.9,56.019606,92.881901,56.02029,92.884991,19.2,216,False,81.20625,69.75,64,64,90.07469795,33.32941644,Russia,0,
4749377,2,0,NC,-0.3,56.036597,92.929428,56.025485,92.905134,6.6,1956.1,False,498.7222222,300.3730159,291,275,1066.054546,118.1700237,Russia,0,
4996112,2,0,NC,3.3,56.01296,92.840469,56.012666,92.816943,50,1475.9,False,332.7086093,320.794702,304,304,137.4621725,117.5307945,Russia,0,
4749436,2,0,NC,1.9,56.0207,92.885318,56.034568,92.891841,31.1,1615.2,False,387.6698113,344.1320755,353,326,155.0278564,108.0184362,Russia,0,
13663234,2,1,4,2.5,0.468638,35.97977,0.447876,35.96687,81.7,3271.8,False,734.5625,702.3125,731,714,168.0334672,127.0210213,Kenya,0,
1250697,2,2,3,7.8,0.492968333,35.84111333,0.495425,35.82879667,251.7,3231.3,False,1417.454545,1291.181818,1017,1017,848.2540747,684.0429038,Kenya,0,
13655160,2,0,NC,0.2,0.601608,36.004243,0.474309,35.981285,47.8,14997.7,False,2567.7,2498.4,2470,2453,726.3547412,639.2431775,Kenya,0,
1397045,2,1,4,5.2,0.479174461,35.77736889,0.477444436,35.79293811,130.4,2509.8,False,701.6,678.8,744,710,176.915347,184.5105959,Kenya,0,
16301324,2,0,NC,4.8,0.456189,35.885371,0.462569,35.889907,42.2,884.9,False,257.1818182,257.1818182,246,246,66.47462699,66.47462699,Kenya,0,
1250702,2,1,4,5.5,0.484996667,35.75661333,0.493998333,35.74715,90.7,1645.9,False,440.7173913,430.0869565,427,426,146.8203077,131.0570447,Kenya,0,
2793919,2,0,NC,-2.6,0.494226767,35.74576777,0.463958541,35.97240522,1010.4,39296.1,False,5028.2,4736,5326,4651,849.5746936,727.7351166,Kenya,0,
1746342,2,3,2,6.1,0.496851667,35.84223,0.48079,35.80133167,530.9,8697.8,False,3195.4,2738.2,2456,2456,1950.990477,1217.040246,Kenya,0,
2742166,2,1,4,6.9,4.560488,-52.396262,4.553102,-52.388851,80.4,1168.7,False,280.0982143,264.1696429,231,231,226.1491669,107.6813991,French Guiana,0,
5288135,2,1,4,9.9,4.953166,-52.426795,4.952013,-52.432132,138.8,1408.4,False,117.556701,117.556701,116,116,9.640944763,9.640944763,French Guiana,0,
5543160,2,1,4,6.2,4.563662,-52.414624,4.567453,-52.425288,84,1351.1,False,331.1428571,331.1428571,315,315,74.69575478,74.69575478,French Guiana,0,
5957813,2,0,NC,0,12.373102,-1.511429,12.37317,-1.511066,8.7,5161,False,424.3529412,424.3529412,421,421,24.83342429,24.83342429,Burkina Faso,0,
17420630,2,0,NC,0.1,12.509591,-1.384463,12.585143,-1.305272,37,12189.3,False,1142.959184,1140.408163,1073,1072,169.4772225,168.7553377,Burkina Faso,0,
17420685,2,0,NC,0,12.385494,-1.502446,12.452964,-1.433404,12.6,10753.5,False,1056.05,1054.15,942,942,229.1548548,222.7481257,Burkina Faso,0,
17420627,2,0,NC,0,12.375456,-1.478003,12.507986,-1.386423,24.2,19643.5,False,1733.266667,1733.266667,1732,1732,5.23407638,5.23407638,Burkina Faso,0,
1500716,2,3,2,4,0.269076,37.549134,0.18544,37.508428,425.2,10512.2,False,3552.695652,3003.521739,3635,3021,849.4469011,745.7189044,Kenya,0,
12250625,2,0,NC,-5.5,0.007167,37.246614,0.053511,37.203056,439.8,7975.5,False,903.2,835.55,817,801,348.66884,209.6231082,Kenya,0,
1333335,2,1,4,6.3,0.181787554,37.3169665,0.18887965,37.31018697,96.6,1545.3,False,802.4358974,741.4615385,730,719,257.8560317,151.7027874,Kenya,0,
1248308,2,2,3,5.1,0.156145,37.350964,0.136081,37.364806,179.4,3488,False,1224.276596,1207.744681,1234,1234,214.4455198,186.7383501,Kenya,0,
1248309,2,1,4,4.8,0.136027,37.365331,0.122675,37.367718,88.7,1861.1,False,619.8627451,611.2941176,606,606,130.4832676,116.8591064,Kenya,0,
1248310,2,1,4,5.1,0.118085,37.388803,0.101475,37.381813,118,2294.3,False,752.125,744.4791667,766,766,128.8389862,117.0112156,Kenya,0,
1248312,2,1,4,5.6,0.082394,37.397873,0.069139,37.3998,101.4,1813.1,False,773.106383,745.5957447,767,740,178.3839075,140.5060246,Kenya,0,
14661572,2,0,NC,0,16.256191,0.000227,16.256417,-0.000239,5.1,1814.9,False,241.7222222,241.7222222,240,240,67.37688819,67.37688819,Mali,0,
14661763,2,0,NC,-0.1,16.253746,-0.001572,16.253333,-0.005041,2.3,1074.1,False,176.0769231,176.0769231,160,160,55.35266172,55.35266172,Mali,0,
6099230,2,0,NC,6.4,5.611452,-0.045966,5.613784,-0.047002,18.9,295.9,False,81.67567568,79.64864865,73,73,37.11854935,31.38790972,Ghana,0,
12478693,2,3,2,9.2,42.268549,45.499689,42.277941,45.508,541.8,5897.2,False,5119.739726,3651.821918,4683,3659,2015.414095,679.0993298,Georgia,0,
10856591,2,5,HC,6.1,42.177373,45.432119,42.251529,45.495756,1146.5,18540,False,11879.86486,8749.810811,10997,8519,2985.203775,1283.030952,Georgia,0,
12479245,2,3,2,9,42.245678,45.497323,42.25195,45.498855,361.4,4009,False,2943.136364,2235.681818,2898,2193,911.0064512,356.7184255,Georgia,0,
10838665,2,0,NC,1.6,4.883193,-1.753044,4.892046,-1.752046,18.2,1129.8,False,796.8,246.0666667,243,218,654.0274408,83.22697212,Ghana,0,
11519657,2,0,NC,0.7,4.893339,-1.836649,4.892744,-1.823636,10.4,1449.5,False,741.75,303.0625,257,257,685.7746988,131.4864388,Ghana,0,
12304357,2,0,NC,0,4.909985,-1.793074,4.90265,-1.768347,14.4,3113,False,491.6666667,483.8333333,462,462,95.9299513,105.5129007,Ghana,0,
12265140,2,0,NC,0.2,4.984136,-1.689389,4.954192,-1.743017,39.3,7380.5,False,1240,1176.333333,1092,1092,381.8395533,231.0565106,Ghana,0,
5797884,2,0,NC,2.8,4.888753,-1.749696,4.892462,-1.751463,15.1,533.8,False,97.2,97.2,97,97,22.43122823,22.43122823,Ghana,0,
11511509,2,0,NC,1.1,4.892901,-1.847375,4.892125,-1.861417,18.2,1603.5,False,361.1666667,260.4166667,299,299,265.0207015,75.5374723,Ghana,0,
2227897,2,0,NC,1.9,11.16073885,-4.21019082,11.16729786,-4.244333999,73,3813.1,False,436,434.84,419,419,69.06229072,64.76151944,Burkina Faso,0,
